#lambda          y               y'              
#===========================================
0               1               0               
0.1             0.931787        0.0969628       
0.2             0.865745        0.187975        
0.3             0.801831        0.27322         
0.4             0.739998        0.352876        
0.5             0.680204        0.427121        
0.6             0.622405        0.496124        
0.7             0.566557        0.560055        
0.8             0.51262         0.619079        
0.9             0.460552        0.673357        
1               0.410313        0.723046        
1.1             0.361862        0.768302        
1.2             0.31516         0.809276        
1.3             0.270169        0.846115        
1.4             0.226849        0.878965        
1.5             0.185165        0.907967        
1.6             0.145079        0.93326         
1.7             0.106555        0.954978        
1.8             0.0695572       0.973255        
1.9             0.0340503       0.98822         
2               -8.81673e-16    1               
2.1             -0.0326276      1.00872         
2.2             -0.0638659      1.0145          
2.3             -0.0937477      1.01745         
2.4             -0.122305       1.0177          
2.5             -0.14957        1.01535         
2.6             -0.175574       1.01052         
2.7             -0.200347       1.00331         
2.8             -0.223919       0.993826        
2.9             -0.246321       0.982175        
3               -0.267581       0.968454        
3.1             -0.287728       0.95276         
3.2             -0.30679        0.93519         
3.3             -0.324794       0.915835        
3.4             -0.341768       0.894786        
3.5             -0.357739       0.872131        
3.6             -0.372733       0.847957        
3.7             -0.386775       0.822347        
3.8             -0.399891       0.795382        
3.9             -0.412105       0.767144        
4               -0.423443       0.737707        
4.1             -0.433928       0.707149        
4.2             -0.443584       0.675543        
4.3             -0.452433       0.64296         
4.4             -0.460499       0.60947         
4.5             -0.467804       0.57514         
4.6             -0.474369       0.540036        
4.7             -0.480217       0.504222        
4.8             -0.485368       0.46776         
4.9             -0.489843       0.430711        
5               -0.493662       0.393133        
5.1             -0.496846       0.355084        
5.2             -0.499413       0.316618        
5.3             -0.501384       0.277789        
5.4             -0.502776       0.238649        
5.5             -0.503609       0.199248        
5.6             -0.5039         0.159636        
5.7             -0.503668       0.119861        
5.8             -0.502929       0.0799665       
5.9             -0.501701       0.0399986       
6               -0.5            -7.18631e-13    
6.1             -0.497843       -0.0399878      
6.2             -0.495246       -0.0799244      
6.3             -0.492225       -0.119771       
6.4             -0.488795       -0.15949        
6.5             -0.484972       -0.199046       
6.6             -0.48077        -0.238403       
6.7             -0.476203       -0.277527       
6.8             -0.471287       -0.316387       
6.9             -0.466034       -0.35495        
7               -0.460459       -0.393187       
7.1             -0.454575       -0.431069       
7.2             -0.448395       -0.468567       
7.3             -0.441932       -0.505656       
7.4             -0.435198       -0.542309       
7.5             -0.428206       -0.578502       
7.6             -0.420968       -0.614211       
7.7             -0.413495       -0.649414       
7.8             -0.405799       -0.684089       
7.9             -0.397891       -0.718216       
8               -0.389783       -0.751775       
8.1             -0.381484       -0.784747       
8.2             -0.373006       -0.817114       
8.3             -0.364358       -0.84886        
8.4             -0.355551       -0.879969       
8.5             -0.346595       -0.910425       
8.6             -0.337498       -0.940214       
8.7             -0.328271       -0.969322       
8.8             -0.318923       -0.997737       
8.9             -0.309462       -1.02545        
9               -0.299897       -1.05244        
9.1             -0.290237       -1.07871        
9.2             -0.28049        -1.10424        
9.3             -0.270664       -1.12902        
9.4             -0.260767       -1.15305        
9.5             -0.250806       -1.17632        
9.6             -0.240789       -1.19882        
9.7             -0.230724       -1.22054        
9.8             -0.220618       -1.24149        
9.9             -0.210477       -1.26165        
10              -0.200308       -1.28101        
10.1            -0.190118       -1.29959        
10.2            -0.179913       -1.31736        
10.3            -0.169699       -1.33434        
10.4            -0.159483       -1.35051        
10.5            -0.14927        -1.36587        
10.6            -0.139066       -1.38043        
10.7            -0.128877       -1.39419        
10.8            -0.118708       -1.40713        
10.9            -0.108564       -1.41927        
11              -0.09845        -1.4306         
11.1            -0.0883718      -1.44113        
11.2            -0.0783336      -1.45085        
11.3            -0.0683401      -1.45977        
11.4            -0.0583959      -1.46789        
11.5            -0.0485053      -1.47522        
11.6            -0.0386726      -1.48175        
11.7            -0.0289018      -1.48749        
11.8            -0.0191969      -1.49244        
11.9            -0.00956173     -1.49661        
12              3.68832e-12     -1.5            
12.1            0.00948472      -1.50262        
12.2            0.018889        -1.50447        
12.3            0.0282095       -1.50556        
12.4            0.0374429       -1.50588        
12.5            0.0465863       -1.50546        
12.6            0.0556366       -1.5043         
12.7            0.064591        -1.50239        
12.8            0.0734467       -1.49976        
12.9            0.082201        -1.4964         
13              0.0908515       -1.49232        
13.1            0.0993956       -1.48753        
13.2            0.107831        -1.48204        
13.3            0.116156        -1.47586        
13.4            0.124367        -1.46899        
13.5            0.132464        -1.46145        
13.6            0.140444        -1.45323        
13.7            0.148305        -1.44435        
13.8            0.156045        -1.43483        
13.9            0.163663        -1.42466        
14              0.171157        -1.41385        
14.1            0.178526        -1.40243        
14.2            0.185768        -1.39039        
14.3            0.192882        -1.37774        
14.4            0.199867        -1.3645         
14.5            0.206721        -1.35067        
14.6            0.213444        -1.33627        
14.7            0.220034        -1.32131        
14.8            0.226491        -1.30578        
14.9            0.232813        -1.28972        
15              0.239           -1.27312        
15.1            0.245051        -1.25599        
15.2            0.250966        -1.23835        
15.3            0.256744        -1.22021        
15.4            0.262384        -1.20158        
15.5            0.267886        -1.18246        
15.6            0.273249        -1.16288        
15.7            0.278473        -1.14283        
15.8            0.283559        -1.12234        
15.9            0.288505        -1.1014         
16              0.293311        -1.08004        
16.1            0.297978        -1.05827        
16.2            0.302505        -1.03608        
16.3            0.306893        -1.01351        
16.4            0.311141        -0.990547       
16.5            0.315249        -0.967214       
16.6            0.319218        -0.94352        
16.7            0.323048        -0.919475       
16.8            0.326739        -0.895091       
16.9            0.330291        -0.870379       
17              0.333705        -0.845349       
17.1            0.336981        -0.820012       
17.2            0.34012         -0.79438        
17.3            0.343121        -0.768464       
17.4            0.345986        -0.742274       
17.5            0.348715        -0.715821       
17.6            0.351309        -0.689116       
17.7            0.353768        -0.662171       
17.8            0.356092        -0.634995       
17.9            0.358283        -0.607599       
18              0.360342        -0.579995       
18.1            0.362268        -0.552192       
18.2            0.364063        -0.524202       
18.3            0.365728        -0.496034       
18.4            0.367263        -0.4677         
18.5            0.36867         -0.43921        
18.6            0.369949        -0.410574       
18.7            0.371101        -0.381803       
18.8            0.372127        -0.352906       
18.9            0.373028        -0.323894       
19              0.373805        -0.294777       
19.1            0.374459        -0.265565       
19.2            0.374992        -0.236268       
19.3            0.375404        -0.206896       
19.4            0.375696        -0.177459       
19.5            0.37587         -0.147966       
19.6            0.375926        -0.118427       
19.7            0.375866        -0.0888513      
19.8            0.375691        -0.0592487      
19.9            0.375402        -0.0296285      
20              0.375           1.08824e-10     
20.1            0.374487        0.0296277       
20.2            0.373864        0.0592454       
20.3            0.373131        0.0888442       
20.4            0.372292        0.118415        
20.5            0.371345        0.147949        
20.6            0.370294        0.177438        
20.7            0.369139        0.206873        
20.8            0.367881        0.236245        
20.9            0.366523        0.265546        
21              0.365064        0.294768        
21.1            0.363507        0.323903        
21.2            0.361853        0.352942        
21.3            0.360103        0.381877        
21.4            0.358259        0.4107          
21.5            0.356322        0.439405        
21.6            0.354294        0.467982        
21.7            0.352175        0.496425        
21.8            0.349968        0.524725        
21.9            0.347673        0.552876        
22              0.345293        0.580871        
22.1            0.342828        0.608702        
22.2            0.34028         0.636361        
22.3            0.33765         0.663843        
22.4            0.33494         0.691141        
22.5            0.332151        0.718247        
22.6            0.329285        0.745155        
22.7            0.326344        0.771859        
22.8            0.323327        0.798352        
22.9            0.320238        0.824628        
23              0.317077        0.850681        
23.1            0.313846        0.876505        
23.2            0.310547        0.902094        
23.3            0.30718         0.927442        
23.4            0.303748        0.952543        
23.5            0.300251        0.977393        
23.6            0.296691        1.00198         
23.7            0.29307         1.02631         
23.8            0.289389        1.05037         
23.9            0.285649        1.07416         
24              0.281852        1.09767         
24.1            0.278           1.1209          
24.2            0.274093        1.14384         
24.3            0.270133        1.16648         
24.4            0.266122        1.18883         
24.5            0.262061        1.21088         
24.6            0.257951        1.23262         
24.7            0.253794        1.25405         
24.8            0.249591        1.27517         
24.9            0.245343        1.29597         
25              0.241053        1.31645         
25.1            0.236721        1.3366          
25.2            0.232349        1.35642         
25.3            0.227937        1.37591         
25.4            0.223489        1.39506         
25.5            0.219004        1.41388         
25.6            0.214484        1.43235         
25.7            0.20993         1.45047         
25.8            0.205345        1.46825         
25.9            0.200728        1.48567         
26              0.196082        1.50274         
26.1            0.191408        1.51945         
26.2            0.186707        1.5358          
26.3            0.18198         1.55179         
26.4            0.177229        1.56741         
26.5            0.172455        1.58267         
26.6            0.167659        1.59756         
26.7            0.162842        1.61207         
26.8            0.158006        1.62622         
26.9            0.153152        1.63998         
27              0.148281        1.65337         
27.1            0.143395        1.66639         
27.2            0.138494        1.67902         
27.3            0.13358         1.69127         
27.4            0.128654        1.70314         
27.5            0.123717        1.71462         
27.6            0.11877         1.72572         
27.7            0.113815        1.73643         
27.8            0.108853        1.74675         
27.9            0.103884        1.75669         
28              0.09891         1.76624         
28.1            0.0939322       1.77539         
28.2            0.0889515       1.78416         
28.3            0.083969        1.79254         
28.4            0.0789858       1.80052         
28.5            0.074003        1.80811         
28.6            0.0690217       1.81531         
28.7            0.0640428       1.82212         
28.8            0.0590674       1.82854         
28.9            0.0540966       1.83456         
29              0.0491314       1.84019         
29.1            0.0441727       1.84543         
29.2            0.0392216       1.85028         
29.3            0.034279        1.85473         
29.4            0.0293459       1.85879         
29.5            0.0244233       1.86247         
29.6            0.0195121       1.86575         
29.7            0.0146133       1.86865         
29.8            0.00972772      1.87115         
29.9            0.00485632      1.87327         
30              -1.06536e-10    1.875           
30.1            -0.00484036     1.87634         
30.2            -0.00966388     1.8773          
30.3            -0.0144697      1.87788         
30.4            -0.019257       1.87807         
30.5            -0.0240248      1.87788         
30.6            -0.0287725      1.87731         
30.7            -0.0334991      1.87636         
30.8            -0.0382039      1.87504         
30.9            -0.0428861      1.87334         
31              -0.0475449      1.87126         
31.1            -0.0521795      1.86881         
31.2            -0.0567892      1.86599         
31.3            -0.0613732      1.8628          
31.4            -0.0659309      1.85924         
31.5            -0.0704614      1.85532         
31.6            -0.0749641      1.85103         
31.7            -0.0794383      1.84638         
31.8            -0.0838833      1.84137         
31.9            -0.0882984      1.83601         
32              -0.092683       1.83028         
32.1            -0.0970365      1.82421         
32.2            -0.101358       1.81778         
32.3            -0.105647       1.81101         
32.4            -0.109903       1.80389         
32.5            -0.114126       1.79642         
32.6            -0.118314       1.78862         
32.7            -0.122468       1.78047         
32.8            -0.126586       1.77199         
32.9            -0.130668       1.76318         
33              -0.134714       1.75403         
33.1            -0.138723       1.74456         
33.2            -0.142694       1.73476         
33.3            -0.146627       1.72463         
33.4            -0.150522       1.71419         
33.5            -0.154378       1.70343         
33.6            -0.158194       1.69236         
33.7            -0.161971       1.68098         
33.8            -0.165707       1.66929         
33.9            -0.169402       1.65729         
34              -0.173056       1.64499         
34.1            -0.176668       1.63239         
34.2            -0.180239       1.6195          
34.3            -0.183766       1.60632         
34.4            -0.187251       1.59284         
34.5            -0.190693       1.57908         
34.6            -0.194092       1.56504         
34.7            -0.197446       1.55072         
34.8            -0.200756       1.53612         
34.9            -0.204022       1.52125         
