#====================================================
#   t = 0.8     rho_bar = 0.7     Viscosity = 0#====================================================
#x              rho
#====================================================
0               0.73504
0.001001        0.785792
0.002002        0.875791
0.003003        0.925111
0.004004        0.871559
0.00500501      0.783051
0.00600601      0.736538
0.00700701      0.736989
0.00800801      0.782881
0.00900901      0.866811
0.01001         0.916261
0.011011        0.870146
0.012012        0.786738
0.013013        0.740954
0.014014        0.742266
0.015015        0.789035
0.016016        0.867769
0.017017        0.906907
0.018018        0.858496
0.019019        0.782248
0.02002         0.743652
0.021021        0.751165
0.022022        0.802765
0.023023        0.874183
0.024024        0.89451
0.025025        0.839302
0.026026        0.773357
0.027027        0.747139
0.028028        0.765389
0.029029        0.822407
0.03003         0.879603
0.031031        0.875295
0.032032        0.815828
0.033033        0.765103
0.034034        0.755211
0.035035        0.78644
0.036036        0.843159
0.037037        0.876007
0.038038        0.848318
0.039039        0.793789
0.04004         0.763198
0.041041        0.771451
0.042042        0.811933
0.043043        0.855272
0.044044        0.858181
0.045045        0.819182
0.046046        0.78082
0.047047        0.772263
0.048048        0.794876
0.049049        0.831515
0.0500501       0.849383
0.0510511       0.831226
0.0520521       0.798806
0.0530531       0.782156
0.0540541       0.790502
0.0550551       0.814575
0.0560561       0.833258
0.0570571       0.829556
0.0580581       0.809659
0.0590591       0.7938
0.0600601       0.793549
0.0610611       0.805925
0.0620621       0.818884
0.0630631       0.820972
0.0640641       0.811888
0.0650651       0.80146
0.0660661       0.798239
0.0670671       0.80281
0.0680681       0.809565
0.0690691       0.81221
0.0700701       0.809092
0.0710711       0.803837
0.0720721       0.800939
0.0730731       0.801771
0.0740741       0.804388
0.0750751       0.805915
0.0760761       0.805068
0.0770771       0.802832
0.0780781       0.80105
0.0790791       0.800675
0.0800801       0.801271
0.0810811       0.801759
0.0820821       0.801455
0.0830831       0.800501
0.0840841       0.799514
0.0850851       0.798948
0.0860861       0.798788
0.0870871       0.798706
0.0880881       0.798414
0.0890891       0.797878
0.0900901       0.797266
0.0910911       0.796751
0.0920921       0.796374
0.0930931       0.796058
0.0940941       0.795701
0.0950951       0.795268
0.0960961       0.794793
0.0970971       0.794332
0.0980981       0.793911
0.0990991       0.793517
0.1001          0.79312
0.101101        0.792703
0.102102        0.792269
0.103103        0.791833
0.104104        0.791409
0.105105        0.790994
0.106106        0.790581
0.107107        0.790162
0.108108        0.789738
0.109109        0.789313
0.11011         0.78889
0.111111        0.78847
0.112112        0.788052
0.113113        0.787632
0.114114        0.78721
0.115115        0.786788
0.116116        0.786367
0.117117        0.785946
0.118118        0.785526
0.119119        0.785106
0.12012         0.784685
0.121121        0.784265
0.122122        0.783844
0.123123        0.783424
0.124124        0.783004
0.125125        0.782584
0.126126        0.782164
0.127127        0.781744
0.128128        0.781325
0.129129        0.780905
0.13013         0.780486
0.131131        0.780067
0.132132        0.779647
0.133133        0.779228
0.134134        0.77881
0.135135        0.778391
0.136136        0.777973
0.137137        0.777554
0.138138        0.777136
0.139139        0.776718
0.14014         0.776301
0.141141        0.775883
0.142142        0.775466
0.143143        0.775049
0.144144        0.774632
0.145145        0.774215
0.146146        0.773799
0.147147        0.773382
0.148148        0.772966
0.149149        0.772551
0.15015         0.772135
0.151151        0.77172
0.152152        0.771305
0.153153        0.77089
0.154154        0.770476
0.155155        0.770062
0.156156        0.769648
0.157157        0.769234
0.158158        0.768821
0.159159        0.768408
0.16016         0.767995
0.161161        0.767583
0.162162        0.767171
0.163163        0.766759
0.164164        0.766348
0.165165        0.765937
0.166166        0.765526
0.167167        0.765116
0.168168        0.764706
0.169169        0.764296
0.17017         0.763887
0.171171        0.763478
0.172172        0.76307
0.173173        0.762662
0.174174        0.762254
0.175175        0.761847
0.176176        0.76144
0.177177        0.761033
0.178178        0.760627
0.179179        0.760221
0.18018         0.759816
0.181181        0.759411
0.182182        0.759007
0.183183        0.758603
0.184184        0.7582
0.185185        0.757797
0.186186        0.757394
0.187187        0.756993
0.188188        0.756591
0.189189        0.75619
0.19019         0.75579
0.191191        0.75539
0.192192        0.75499
0.193193        0.754591
0.194194        0.754193
0.195195        0.753795
0.196196        0.753398
0.197197        0.753001
0.198198        0.752605
0.199199        0.752209
0.2002          0.751814
0.201201        0.75142
0.202202        0.751026
0.203203        0.750633
0.204204        0.75024
0.205205        0.749848
0.206206        0.749457
0.207207        0.749066
0.208208        0.748676
0.209209        0.748286
0.21021         0.747898
0.211211        0.747509
0.212212        0.747122
0.213213        0.746735
0.214214        0.746349
0.215215        0.745964
0.216216        0.745579
0.217217        0.745195
0.218218        0.744812
0.219219        0.74443
0.22022         0.744048
0.221221        0.743667
0.222222        0.743287
0.223223        0.742908
0.224224        0.742529
0.225225        0.742151
0.226226        0.741775
0.227227        0.741398
0.228228        0.741023
0.229229        0.740649
0.23023         0.740275
0.231231        0.739902
0.232232        0.739531
0.233233        0.73916
0.234234        0.73879
0.235235        0.73842
0.236236        0.738052
0.237237        0.737685
0.238238        0.737318
0.239239        0.736953
0.24024         0.736589
0.241241        0.736225
0.242242        0.735863
0.243243        0.735501
0.244244        0.735141
0.245245        0.734781
0.246246        0.734423
0.247247        0.734066
0.248248        0.733709
0.249249        0.733354
0.25025         0.733
0.251251        0.732647
0.252252        0.732295
0.253253        0.731944
0.254254        0.731595
0.255255        0.731246
0.256256        0.730899
0.257257        0.730553
0.258258        0.730208
0.259259        0.729864
0.26026         0.729522
0.261261        0.729181
0.262262        0.728841
0.263263        0.728502
0.264264        0.728165
0.265265        0.727829
0.266266        0.727494
0.267267        0.72716
0.268268        0.726828
0.269269        0.726497
0.27027         0.726168
0.271271        0.72584
0.272272        0.725514
0.273273        0.725189
0.274274        0.724865
0.275275        0.724543
0.276276        0.724222
0.277277        0.723903
0.278278        0.723585
0.279279        0.723269
0.28028         0.722954
0.281281        0.722641
0.282282        0.72233
0.283283        0.72202
0.284284        0.721712
0.285285        0.721405
0.286286        0.7211
0.287287        0.720797
0.288288        0.720495
0.289289        0.720196
0.29029         0.719897
0.291291        0.719601
0.292292        0.719307
0.293293        0.719014
0.294294        0.718723
0.295295        0.718434
0.296296        0.718146
0.297297        0.717861
0.298298        0.717577
0.299299        0.717296
0.3003          0.717016
0.301301        0.716738
0.302302        0.716463
0.303303        0.716189
0.304304        0.715917
0.305305        0.715647
0.306306        0.71538
0.307307        0.715114
0.308308        0.71485
0.309309        0.714589
0.31031         0.71433
0.311311        0.714072
0.312312        0.713817
0.313313        0.713565
0.314314        0.713314
0.315315        0.713066
0.316316        0.71282
0.317317        0.712576
0.318318        0.712334
0.319319        0.712095
0.32032         0.711858
0.321321        0.711624
0.322322        0.711391
0.323323        0.711161
0.324324        0.710934
0.325325        0.710709
0.326326        0.710486
0.327327        0.710266
0.328328        0.710049
0.329329        0.709833
0.33033         0.709621
0.331331        0.709411
0.332332        0.709203
0.333333        0.708998
0.334334        0.708795
0.335335        0.708595
0.336336        0.708398
0.337337        0.708203
0.338338        0.708011
0.339339        0.707821
0.34034         0.707635
0.341341        0.70745
0.342342        0.707269
0.343343        0.70709
0.344344        0.706913
0.345345        0.70674
0.346346        0.706569
0.347347        0.7064
0.348348        0.706235
0.349349        0.706072
0.35035         0.705912
0.351351        0.705754
0.352352        0.705599
0.353353        0.705447
0.354354        0.705298
0.355355        0.705151
0.356356        0.705007
0.357357        0.704865
0.358358        0.704727
0.359359        0.704591
0.36036         0.704457
0.361361        0.704326
0.362362        0.704198
0.363363        0.704073
0.364364        0.70395
0.365365        0.703829
0.366366        0.703712
0.367367        0.703597
0.368368        0.703484
0.369369        0.703374
0.37037         0.703266
0.371371        0.703161
0.372372        0.703059
0.373373        0.702959
0.374374        0.702861
0.375375        0.702766
0.376376        0.702673
0.377377        0.702582
0.378378        0.702494
0.379379        0.702408
0.38038         0.702324
0.381381        0.702243
0.382382        0.702164
0.383383        0.702087
0.384384        0.702012
0.385385        0.701939
0.386386        0.701868
0.387387        0.7018
0.388388        0.701733
0.389389        0.701668
0.39039         0.701605
0.391391        0.701545
0.392392        0.701486
0.393393        0.701429
0.394394        0.701373
0.395395        0.70132
0.396396        0.701268
0.397397        0.701218
0.398398        0.701169
0.399399        0.701122
0.4004          0.701077
0.401401        0.701033
0.402402        0.700991
0.403403        0.70095
0.404404        0.700911
0.405405        0.700873
0.406406        0.700836
0.407407        0.700801
0.408408        0.700767
0.409409        0.700734
0.41041         0.700702
0.411411        0.700672
0.412412        0.700643
0.413413        0.700614
0.414414        0.700587
0.415415        0.700561
0.416416        0.700536
0.417417        0.700512
0.418418        0.700489
0.419419        0.700467
0.42042         0.700446
0.421421        0.700425
0.422422        0.700406
0.423423        0.700387
0.424424        0.700369
0.425425        0.700352
0.426426        0.700335
0.427427        0.700319
0.428428        0.700304
0.429429        0.70029
0.43043         0.700276
0.431431        0.700263
0.432432        0.70025
0.433433        0.700238
0.434434        0.700226
0.435435        0.700215
0.436436        0.700204
0.437437        0.700194
0.438438        0.700185
0.439439        0.700175
0.44044         0.700167
0.441441        0.700158
0.442442        0.70015
0.443443        0.700143
0.444444        0.700135
0.445445        0.700128
0.446446        0.700122
0.447447        0.700116
0.448448        0.70011
0.449449        0.700104
0.45045         0.700098
0.451451        0.700093
0.452452        0.700088
0.453453        0.700084
0.454454        0.700079
0.455455        0.700075
0.456456        0.700071
0.457457        0.700067
0.458458        0.700064
0.459459        0.70006
0.46046         0.700057
0.461461        0.700054
0.462462        0.700051
0.463463        0.700048
0.464464        0.700045
0.465465        0.700043
0.466466        0.70004
0.467467        0.700038
0.468468        0.700036
0.469469        0.700034
0.47047         0.700032
0.471471        0.70003
0.472472        0.700029
0.473473        0.700027
0.474474        0.700025
0.475475        0.700024
0.476476        0.700023
0.477477        0.700021
0.478478        0.70002
0.479479        0.700019
0.48048         0.700018
0.481481        0.700017
0.482482        0.700016
0.483483        0.700015
0.484484        0.700014
0.485485        0.700013
0.486486        0.700012
0.487487        0.700012
0.488488        0.700011
0.489489        0.70001
0.49049         0.70001
0.491491        0.700009
0.492492        0.700009
0.493493        0.700008
0.494494        0.700008
0.495495        0.700007
0.496496        0.700007
0.497497        0.700006
0.498498        0.700006
0.499499        0.700005
0.500501        0.700005
0.501502        0.700005
0.502503        0.700005
0.503504        0.700004
0.504505        0.700004
0.505506        0.700004
0.506507        0.700003
0.507508        0.700003
0.508509        0.700003
0.50951         0.700003
0.510511        0.700003
0.511512        0.700002
0.512513        0.700002
0.513514        0.700002
0.514515        0.700002
0.515516        0.700002
0.516517        0.700002
0.517518        0.700002
0.518519        0.700002
0.51952         0.700001
0.520521        0.700001
0.521522        0.700001
0.522523        0.700001
0.523524        0.700001
0.524525        0.700001
0.525526        0.700001
0.526527        0.700001
0.527528        0.700001
0.528529        0.700001
0.52953         0.700001
0.530531        0.700001
0.531532        0.700001
0.532533        0.700001
0.533534        0.700001
0.534535        0.700001
0.535536        0.7
0.536537        0.7
0.537538        0.7
0.538539        0.7
0.53954         0.7
0.540541        0.7
0.541542        0.7
0.542543        0.7
0.543544        0.7
0.544545        0.7
0.545546        0.7
0.546547        0.7
0.547548        0.7
0.548549        0.7
0.54955         0.7
0.550551        0.7
0.551552        0.7
0.552553        0.7
0.553554        0.7
0.554555        0.7
0.555556        0.7
0.556557        0.7
0.557558        0.7
0.558559        0.7
0.55956         0.7
0.560561        0.7
0.561562        0.7
0.562563        0.7
0.563564        0.7
0.564565        0.7
0.565566        0.7
0.566567        0.7
0.567568        0.7
0.568569        0.7
0.56957         0.7
0.570571        0.7
0.571572        0.7
0.572573        0.7
0.573574        0.7
0.574575        0.7
0.575576        0.7
0.576577        0.7
0.577578        0.7
0.578579        0.7
0.57958         0.7
0.580581        0.7
0.581582        0.7
0.582583        0.7
0.583584        0.7
0.584585        0.7
0.585586        0.7
0.586587        0.7
0.587588        0.7
0.588589        0.7
0.58959         0.7
0.590591        0.7
0.591592        0.7
0.592593        0.7
0.593594        0.7
0.594595        0.7
0.595596        0.7
0.596597        0.7
0.597598        0.7
0.598599        0.7
0.5996          0.7
0.600601        0.7
0.601602        0.7
0.602603        0.7
0.603604        0.7
0.604605        0.7
0.605606        0.7
0.606607        0.7
0.607608        0.7
0.608609        0.7
0.60961         0.7
0.610611        0.7
0.611612        0.7
0.612613        0.7
0.613614        0.7
0.614615        0.7
0.615616        0.7
0.616617        0.7
0.617618        0.7
0.618619        0.7
0.61962         0.7
0.620621        0.7
0.621622        0.7
0.622623        0.7
0.623624        0.7
0.624625        0.7
0.625626        0.7
0.626627        0.7
0.627628        0.7
0.628629        0.7
0.62963         0.7
0.630631        0.7
0.631632        0.7
0.632633        0.7
0.633634        0.7
0.634635        0.7
0.635636        0.7
0.636637        0.7
0.637638        0.7
0.638639        0.7
0.63964         0.7
0.640641        0.7
0.641642        0.7
0.642643        0.7
0.643644        0.7
0.644645        0.7
0.645646        0.7
0.646647        0.7
0.647648        0.7
0.648649        0.7
0.64965         0.7
0.650651        0.7
0.651652        0.7
0.652653        0.7
0.653654        0.7
0.654655        0.7
0.655656        0.7
0.656657        0.7
0.657658        0.7
0.658659        0.7
0.65966         0.7
0.660661        0.7
0.661662        0.7
0.662663        0.7
0.663664        0.7
0.664665        0.7
0.665666        0.7
0.666667        0.7
0.667668        0.7
0.668669        0.7
0.66967         0.7
0.670671        0.7
0.671672        0.7
0.672673        0.7
0.673674        0.7
0.674675        0.7
0.675676        0.7
0.676677        0.7
0.677678        0.7
0.678679        0.7
0.67968         0.7
0.680681        0.7
0.681682        0.7
0.682683        0.7
0.683684        0.7
0.684685        0.7
0.685686        0.7
0.686687        0.7
0.687688        0.7
0.688689        0.7
0.68969         0.7
0.690691        0.7
0.691692        0.7
0.692693        0.7
0.693694        0.7
0.694695        0.7
0.695696        0.7
0.696697        0.7
0.697698        0.7
0.698699        0.7
0.6997          0.7
0.700701        0.7
0.701702        0.7
0.702703        0.7
0.703704        0.7
0.704705        0.7
0.705706        0.7
0.706707        0.7
0.707708        0.7
0.708709        0.7
0.70971         0.7
0.710711        0.7
0.711712        0.7
0.712713        0.7
0.713714        0.7
0.714715        0.7
0.715716        0.7
0.716717        0.7
0.717718        0.7
0.718719        0.7
0.71972         0.7
0.720721        0.7
0.721722        0.7
0.722723        0.7
0.723724        0.7
0.724725        0.7
0.725726        0.7
0.726727        0.7
0.727728        0.7
0.728729        0.7
0.72973         0.7
0.730731        0.7
0.731732        0.7
0.732733        0.7
0.733734        0.7
0.734735        0.7
0.735736        0.7
0.736737        0.7
0.737738        0.7
0.738739        0.7
0.73974         0.7
0.740741        0.7
0.741742        0.7
0.742743        0.7
0.743744        0.7
0.744745        0.7
0.745746        0.7
0.746747        0.7
0.747748        0.7
0.748749        0.7
0.74975         0.7
0.750751        0.7
0.751752        0.7
0.752753        0.7
0.753754        0.7
0.754755        0.7
0.755756        0.7
0.756757        0.7
0.757758        0.7
0.758759        0.7
0.75976         0.7
0.760761        0.7
0.761762        0.7
0.762763        0.7
0.763764        0.7
0.764765        0.7
0.765766        0.7
0.766767        0.7
0.767768        0.7
0.768769        0.7
0.76977         0.7
0.770771        0.7
0.771772        0.7
0.772773        0.7
0.773774        0.7
0.774775        0.7
0.775776        0.7
0.776777        0.7
0.777778        0.7
0.778779        0.7
0.77978         0.7
0.780781        0.7
0.781782        0.7
0.782783        0.7
0.783784        0.7
0.784785        0.7
0.785786        0.7
0.786787        0.7
0.787788        0.7
0.788789        0.7
0.78979         0.7
0.790791        0.7
0.791792        0.7
0.792793        0.7
0.793794        0.7
0.794795        0.7
0.795796        0.7
0.796797        0.7
0.797798        0.7
0.798799        0.7
0.7998          0.7
0.800801        0.7
0.801802        0.7
0.802803        0.7
0.803804        0.7
0.804805        0.7
0.805806        0.7
0.806807        0.7
0.807808        0.7
0.808809        0.7
0.80981         0.7
0.810811        0.7
0.811812        0.7
0.812813        0.7
0.813814        0.7
0.814815        0.7
0.815816        0.7
0.816817        0.7
0.817818        0.7
0.818819        0.7
0.81982         0.7
0.820821        0.7
0.821822        0.7
0.822823        0.7
0.823824        0.7
0.824825        0.700001
0.825826        0.700001
0.826827        0.700001
0.827828        0.700001
0.828829        0.700001
0.82983         0.700001
0.830831        0.700001
0.831832        0.700001
0.832833        0.700001
0.833834        0.700001
0.834835        0.700001
0.835836        0.700001
0.836837        0.700001
0.837838        0.700001
0.838839        0.700001
0.83984         0.700001
0.840841        0.700002
0.841842        0.700002
0.842843        0.700002
0.843844        0.700002
0.844845        0.700002
0.845846        0.700002
0.846847        0.700002
0.847848        0.700002
0.848849        0.700003
0.84985         0.700003
0.850851        0.700003
0.851852        0.700003
0.852853        0.700003
0.853854        0.700004
0.854855        0.700004
0.855856        0.700004
0.856857        0.700004
0.857858        0.700005
0.858859        0.700005
0.85986         0.700005
0.860861        0.700006
0.861862        0.700006
0.862863        0.700007
0.863864        0.700007
0.864865        0.700007
0.865866        0.700008
0.866867        0.700008
0.867868        0.700009
0.868869        0.700009
0.86987         0.70001
0.870871        0.700011
0.871872        0.700011
0.872873        0.700012
0.873874        0.700013
0.874875        0.700014
0.875876        0.700015
0.876877        0.700016
0.877878        0.700016
0.878879        0.700018
0.87988         0.700019
0.880881        0.70002
0.881882        0.700021
0.882883        0.700022
0.883884        0.700024
0.884885        0.700025
0.885886        0.700027
0.886887        0.700028
0.887888        0.70003
0.888889        0.700032
0.88989         0.700034
0.890891        0.700036
0.891892        0.700038
0.892893        0.70004
0.893894        0.700042
0.894895        0.700045
0.895896        0.700047
0.896897        0.70005
0.897898        0.700053
0.898899        0.700056
0.8999          0.700059
0.900901        0.700063
0.901902        0.700067
0.902903        0.70007
0.903904        0.700074
0.904905        0.700079
0.905906        0.700083
0.906907        0.700088
0.907908        0.700093
0.908909        0.700098
0.90991         0.700103
0.910911        0.700109
0.911912        0.700115
0.912913        0.700122
0.913914        0.700128
0.914915        0.700136
0.915916        0.700143
0.916917        0.700151
0.917918        0.700159
0.918919        0.700168
0.91992         0.700177
0.920921        0.700186
0.921922        0.700196
0.922923        0.700207
0.923924        0.700218
0.924925        0.70023
0.925926        0.700242
0.926927        0.700255
0.927928        0.700268
0.928929        0.700282
0.92993         0.700297
0.930931        0.700313
0.931932        0.700329
0.932933        0.700346
0.933934        0.700364
0.934935        0.700383
0.935936        0.700403
0.936937        0.700423
0.937938        0.700445
0.938939        0.700468
0.93994         0.700492
0.940941        0.700517
0.941942        0.700543
0.942943        0.700571
0.943944        0.700599
0.944945        0.70063
0.945946        0.700661
0.946947        0.700695
0.947948        0.700729
0.948949        0.700766
0.94995         0.700804
0.950951        0.700844
0.951952        0.700886
0.952953        0.70093
0.953954        0.700976
0.954955        0.701025
0.955956        0.701078
0.956957        0.701141
0.957958        0.701247
0.958959        0.701543
0.95996         0.702732
0.960961        0.708022
0.961962        0.730244
0.962963        0.800416
0.963964        0.9168
0.964965        0.964839
0.965966        0.87947
0.966967        0.771005
0.967968        0.721028
0.968969        0.710645
0.96997         0.723306
0.970971        0.77658
0.971972        0.883672
0.972973        0.958162
0.973974        0.903522
0.974975        0.79286
0.975976        0.730106
0.976977        0.715141
0.977978        0.730834
0.978979        0.792875
0.97998         0.899097
0.980981        0.94984
0.981982        0.878144
0.982983        0.776314
0.983984        0.72666
0.984985        0.721001
0.985986        0.752782
0.986987        0.836986
0.987988        0.929245
0.988989        0.9224
0.98999         0.825907
0.990991        0.748105
0.991992        0.723321
0.992993        0.738363
0.993994        0.801398
0.994995        0.897453
0.995996        0.931042
0.996997        0.858472
0.997998        0.769455
0.998999        0.729966
1               0.73504
