#====================================================
#t = 0.01    rho_bar = 0.7     Viscosity = 0.165
#====================================================
#x              rho
#====================================================
0               0.7
0.001001        0.7
0.002002        0.7
0.003003        0.7
0.004004        0.7
0.00500501      0.7
0.00600601      0.7
0.00700701      0.7
0.00800801      0.7
0.00900901      0.7
0.01001         0.7
0.011011        0.7
0.012012        0.7
0.013013        0.7
0.014014        0.7
0.015015        0.7
0.016016        0.7
0.017017        0.7
0.018018        0.7
0.019019        0.7
0.02002         0.7
0.021021        0.7
0.022022        0.7
0.023023        0.7
0.024024        0.7
0.025025        0.7
0.026026        0.7
0.027027        0.7
0.028028        0.7
0.029029        0.7
0.03003         0.7
0.031031        0.7
0.032032        0.7
0.033033        0.7
0.034034        0.7
0.035035        0.7
0.036036        0.7
0.037037        0.7
0.038038        0.7
0.039039        0.7
0.04004         0.7
0.041041        0.7
0.042042        0.7
0.043043        0.7
0.044044        0.7
0.045045        0.7
0.046046        0.7
0.047047        0.7
0.048048        0.7
0.049049        0.7
0.0500501       0.7
0.0510511       0.7
0.0520521       0.7
0.0530531       0.7
0.0540541       0.7
0.0550551       0.7
0.0560561       0.7
0.0570571       0.7
0.0580581       0.7
0.0590591       0.7
0.0600601       0.7
0.0610611       0.7
0.0620621       0.7
0.0630631       0.7
0.0640641       0.7
0.0650651       0.7
0.0660661       0.7
0.0670671       0.7
0.0680681       0.7
0.0690691       0.7
0.0700701       0.7
0.0710711       0.7
0.0720721       0.7
0.0730731       0.7
0.0740741       0.7
0.0750751       0.7
0.0760761       0.7
0.0770771       0.7
0.0780781       0.7
0.0790791       0.7
0.0800801       0.7
0.0810811       0.7
0.0820821       0.7
0.0830831       0.7
0.0840841       0.7
0.0850851       0.7
0.0860861       0.7
0.0870871       0.7
0.0880881       0.7
0.0890891       0.7
0.0900901       0.7
0.0910911       0.7
0.0920921       0.7
0.0930931       0.7
0.0940941       0.7
0.0950951       0.7
0.0960961       0.7
0.0970971       0.7
0.0980981       0.7
0.0990991       0.7
0.1001          0.7
0.101101        0.7
0.102102        0.7
0.103103        0.7
0.104104        0.7
0.105105        0.7
0.106106        0.7
0.107107        0.7
0.108108        0.7
0.109109        0.7
0.11011         0.7
0.111111        0.7
0.112112        0.7
0.113113        0.7
0.114114        0.7
0.115115        0.7
0.116116        0.7
0.117117        0.7
0.118118        0.7
0.119119        0.7
0.12012         0.7
0.121121        0.7
0.122122        0.7
0.123123        0.7
0.124124        0.7
0.125125        0.7
0.126126        0.7
0.127127        0.7
0.128128        0.7
0.129129        0.7
0.13013         0.7
0.131131        0.7
0.132132        0.7
0.133133        0.7
0.134134        0.7
0.135135        0.7
0.136136        0.7
0.137137        0.7
0.138138        0.7
0.139139        0.7
0.14014         0.7
0.141141        0.700001
0.142142        0.700001
0.143143        0.700001
0.144144        0.700001
0.145145        0.700001
0.146146        0.700001
0.147147        0.700001
0.148148        0.700001
0.149149        0.700001
0.15015         0.700001
0.151151        0.700001
0.152152        0.700001
0.153153        0.700001
0.154154        0.700001
0.155155        0.700001
0.156156        0.700001
0.157157        0.700002
0.158158        0.700002
0.159159        0.700002
0.16016         0.700002
0.161161        0.700002
0.162162        0.700002
0.163163        0.700002
0.164164        0.700002
0.165165        0.700003
0.166166        0.700003
0.167167        0.700003
0.168168        0.700003
0.169169        0.700003
0.17017         0.700004
0.171171        0.700004
0.172172        0.700004
0.173173        0.700004
0.174174        0.700005
0.175175        0.700005
0.176176        0.700005
0.177177        0.700006
0.178178        0.700006
0.179179        0.700007
0.18018         0.700007
0.181181        0.700007
0.182182        0.700008
0.183183        0.700008
0.184184        0.700009
0.185185        0.70001
0.186186        0.70001
0.187187        0.700011
0.188188        0.700012
0.189189        0.700012
0.19019         0.700013
0.191191        0.700014
0.192192        0.700015
0.193193        0.700016
0.194194        0.700017
0.195195        0.700018
0.196196        0.700019
0.197197        0.70002
0.198198        0.700021
0.199199        0.700022
0.2002          0.700024
0.201201        0.700025
0.202202        0.700027
0.203203        0.700028
0.204204        0.70003
0.205205        0.700032
0.206206        0.700034
0.207207        0.700036
0.208208        0.700038
0.209209        0.70004
0.21021         0.700043
0.211211        0.700045
0.212212        0.700048
0.213213        0.700051
0.214214        0.700054
0.215215        0.700057
0.216216        0.70006
0.217217        0.700063
0.218218        0.700067
0.219219        0.700071
0.22022         0.700075
0.221221        0.700079
0.222222        0.700084
0.223223        0.700088
0.224224        0.700093
0.225225        0.700098
0.226226        0.700104
0.227227        0.70011
0.228228        0.700116
0.229229        0.700122
0.23023         0.700129
0.231231        0.700136
0.232232        0.700143
0.233233        0.700151
0.234234        0.700159
0.235235        0.700167
0.236236        0.700176
0.237237        0.700186
0.238238        0.700196
0.239239        0.700206
0.24024         0.700217
0.241241        0.700228
0.242242        0.70024
0.243243        0.700253
0.244244        0.700266
0.245245        0.700279
0.246246        0.700294
0.247247        0.700309
0.248248        0.700325
0.249249        0.700341
0.25025         0.700358
0.251251        0.700376
0.252252        0.700395
0.253253        0.700415
0.254254        0.700435
0.255255        0.700457
0.256256        0.70048
0.257257        0.700503
0.258258        0.700528
0.259259        0.700553
0.26026         0.70058
0.261261        0.700608
0.262262        0.700637
0.263263        0.700668
0.264264        0.7007
0.265265        0.700733
0.266266        0.700767
0.267267        0.700803
0.268268        0.700841
0.269269        0.70088
0.27027         0.700921
0.271271        0.700963
0.272272        0.701008
0.273273        0.701054
0.274274        0.701102
0.275275        0.701152
0.276276        0.701203
0.277277        0.701258
0.278278        0.701314
0.279279        0.701372
0.28028         0.701433
0.281281        0.701496
0.282282        0.701562
0.283283        0.70163
0.284284        0.701701
0.285285        0.701774
0.286286        0.701851
0.287287        0.70193
0.288288        0.702012
0.289289        0.702097
0.29029         0.702186
0.291291        0.702278
0.292292        0.702373
0.293293        0.702471
0.294294        0.702574
0.295295        0.70268
0.296296        0.702789
0.297297        0.702903
0.298298        0.703021
0.299299        0.703143
0.3003          0.703269
0.301301        0.703399
0.302302        0.703534
0.303303        0.703674
0.304304        0.703819
0.305305        0.703968
0.306306        0.704122
0.307307        0.704282
0.308308        0.704447
0.309309        0.704617
0.31031         0.704793
0.311311        0.704974
0.312312        0.705162
0.313313        0.705355
0.314314        0.705555
0.315315        0.705761
0.316316        0.705973
0.317317        0.706192
0.318318        0.706418
0.319319        0.70665
0.32032         0.70689
0.321321        0.707137
0.322322        0.707391
0.323323        0.707653
0.324324        0.707922
0.325325        0.7082
0.326326        0.708485
0.327327        0.708779
0.328328        0.709081
0.329329        0.709391
0.33033         0.709711
0.331331        0.710039
0.332332        0.710376
0.333333        0.710723
0.334334        0.711078
0.335335        0.711444
0.336336        0.711819
0.337337        0.712204
0.338338        0.712599
0.339339        0.713004
0.34034         0.71342
0.341341        0.713846
0.342342        0.714283
0.343343        0.714731
0.344344        0.715189
0.345345        0.715659
0.346346        0.716141
0.347347        0.716634
0.348348        0.717138
0.349349        0.717655
0.35035         0.718183
0.351351        0.718724
0.352352        0.719276
0.353353        0.719841
0.354354        0.720419
0.355355        0.721009
0.356356        0.721612
0.357357        0.722228
0.358358        0.722857
0.359359        0.7235
0.36036         0.724155
0.361361        0.724824
0.362362        0.725506
0.363363        0.726202
0.364364        0.726911
0.365365        0.727634
0.366366        0.728371
0.367367        0.729122
0.368368        0.729886
0.369369        0.730665
0.37037         0.731458
0.371371        0.732264
0.372372        0.733085
0.373373        0.73392
0.374374        0.734768
0.375375        0.735631
0.376376        0.736508
0.377377        0.7374
0.378378        0.738305
0.379379        0.739224
0.38038         0.740157
0.381381        0.741104
0.382382        0.742065
0.383383        0.74304
0.384384        0.744028
0.385385        0.74503
0.386386        0.746046
0.387387        0.747074
0.388388        0.748116
0.389389        0.749171
0.39039         0.750239
0.391391        0.75132
0.392392        0.752413
0.393393        0.753519
0.394394        0.754636
0.395395        0.755766
0.396396        0.756908
0.397397        0.75806
0.398398        0.759224
0.399399        0.760399
0.4004          0.761585
0.401401        0.762781
0.402402        0.763986
0.403403        0.765202
0.404404        0.766427
0.405405        0.767661
0.406406        0.768903
0.407407        0.770154
0.408408        0.771413
0.409409        0.772679
0.41041         0.773952
0.411411        0.775231
0.412412        0.776517
0.413413        0.777809
0.414414        0.779106
0.415415        0.780407
0.416416        0.781713
0.417417        0.783023
0.418418        0.784336
0.419419        0.785652
0.42042         0.78697
0.421421        0.788289
0.422422        0.78961
0.423423        0.790931
0.424424        0.792253
0.425425        0.793573
0.426426        0.794893
0.427427        0.796211
0.428428        0.797526
0.429429        0.798839
0.43043         0.800148
0.431431        0.801453
0.432432        0.802753
0.433433        0.804047
0.434434        0.805336
0.435435        0.806618
0.436436        0.807892
0.437437        0.809159
0.438438        0.810417
0.439439        0.811666
0.44044         0.812904
0.441441        0.814133
0.442442        0.81535
0.443443        0.816555
0.444444        0.817748
0.445445        0.818928
0.446446        0.820094
0.447447        0.821246
0.448448        0.822383
0.449449        0.823504
0.45045         0.824609
0.451451        0.825698
0.452452        0.826769
0.453453        0.827822
0.454454        0.828856
0.455455        0.829872
0.456456        0.830868
0.457457        0.831843
0.458458        0.832798
0.459459        0.833731
0.46046         0.834643
0.461461        0.835532
0.462462        0.836399
0.463463        0.837242
0.464464        0.838061
0.465465        0.838857
0.466466        0.839627
0.467467        0.840373
0.468468        0.841093
0.469469        0.841787
0.47047         0.842455
0.471471        0.843096
0.472472        0.843711
0.473473        0.844298
0.474474        0.844857
0.475475        0.845389
0.476476        0.845892
0.477477        0.846367
0.478478        0.846813
0.479479        0.847231
0.48048         0.847619
0.481481        0.847978
0.482482        0.848308
0.483483        0.848608
0.484484        0.848878
0.485485        0.849119
0.486486        0.849329
0.487487        0.84951
0.488488        0.84966
0.489489        0.849781
0.49049         0.849871
0.491491        0.849931
0.492492        0.849962
0.493493        0.849962
0.494494        0.849932
0.495495        0.849872
0.496496        0.849782
0.497497        0.849663
0.498498        0.849514
0.499499        0.849335
0.500501        0.849127
0.501502        0.84889
0.502503        0.848625
0.503504        0.84833
0.504505        0.848007
0.505506        0.847655
0.506507        0.847276
0.507508        0.846869
0.508509        0.846434
0.50951         0.845972
0.510511        0.845483
0.511512        0.844968
0.512513        0.844427
0.513514        0.843859
0.514515        0.843266
0.515516        0.842648
0.516517        0.842006
0.517518        0.841338
0.518519        0.840647
0.51952         0.839933
0.520521        0.839195
0.521522        0.838435
0.522523        0.837652
0.523524        0.836848
0.524525        0.836022
0.525526        0.835175
0.526527        0.834308
0.527528        0.833422
0.528529        0.832515
0.52953         0.83159
0.530531        0.830647
0.531532        0.829685
0.532533        0.828706
0.533534        0.827711
0.534535        0.826699
0.535536        0.825671
0.536537        0.824628
0.537538        0.82357
0.538539        0.822498
0.53954         0.821412
0.540541        0.820313
0.541542        0.819202
0.542543        0.818078
0.543544        0.816943
0.544545        0.815797
0.545546        0.81464
0.546547        0.813474
0.547548        0.812298
0.548549        0.811114
0.54955         0.809921
0.550551        0.80872
0.551552        0.807512
0.552553        0.806297
0.553554        0.805076
0.554555        0.80385
0.555556        0.802618
0.556557        0.801382
0.557558        0.800142
0.558559        0.798898
0.55956         0.797651
0.560561        0.796402
0.561562        0.79515
0.562563        0.793897
0.563564        0.792642
0.564565        0.791387
0.565566        0.790132
0.566567        0.788878
0.567568        0.787623
0.568569        0.786371
0.56957         0.785119
0.570571        0.78387
0.571572        0.782624
0.572573        0.78138
0.573574        0.78014
0.574575        0.778903
0.575576        0.777671
0.576577        0.776443
0.577578        0.77522
0.578579        0.774003
0.57958         0.772791
0.580581        0.771585
0.581582        0.770386
0.582583        0.769193
0.583584        0.768007
0.584585        0.766829
0.585586        0.765658
0.586587        0.764496
0.587588        0.763341
0.588589        0.762196
0.58959         0.761059
0.590591        0.759931
0.591592        0.758812
0.592593        0.757704
0.593594        0.756605
0.594595        0.755516
0.595596        0.754437
0.596597        0.753369
0.597598        0.752311
0.598599        0.751265
0.5996          0.750229
0.600601        0.749205
0.601602        0.748192
0.602603        0.74719
0.603604        0.746201
0.604605        0.745223
0.605606        0.744257
0.606607        0.743303
0.607608        0.742361
0.608609        0.741431
0.60961         0.740514
0.610611        0.73961
0.611612        0.738717
0.612613        0.737838
0.613614        0.736971
0.614615        0.736116
0.615616        0.735274
0.616617        0.734445
0.617618        0.733629
0.618619        0.732826
0.61962         0.732035
0.620621        0.731257
0.621622        0.730492
0.622623        0.72974
0.623624        0.729
0.624625        0.728273
0.625626        0.727559
0.626627        0.726857
0.627628        0.726168
0.628629        0.725492
0.62963         0.724828
0.630631        0.724176
0.631632        0.723537
0.632633        0.72291
0.633634        0.722295
0.634635        0.721693
0.635636        0.721102
0.636637        0.720523
0.637638        0.719956
0.638639        0.719401
0.63964         0.718858
0.640641        0.718326
0.641642        0.717805
0.642643        0.717296
0.643644        0.716797
0.644645        0.71631
0.645646        0.715834
0.646647        0.715369
0.647648        0.714914
0.648649        0.71447
0.64965         0.714036
0.650651        0.713612
0.651652        0.713199
0.652653        0.712795
0.653654        0.712401
0.654655        0.712017
0.655656        0.711643
0.656657        0.711277
0.657658        0.710921
0.658659        0.710575
0.65966         0.710237
0.660661        0.709907
0.661662        0.709587
0.662663        0.709275
0.663664        0.708971
0.664665        0.708676
0.665666        0.708388
0.666667        0.708109
0.667668        0.707837
0.668669        0.707572
0.66967         0.707315
0.670671        0.707066
0.671672        0.706823
0.672673        0.706588
0.673674        0.706359
0.674675        0.706137
0.675676        0.705922
0.676677        0.705713
0.677678        0.70551
0.678679        0.705313
0.67968         0.705123
0.680681        0.704938
0.681682        0.704759
0.682683        0.704585
0.683684        0.704417
0.684685        0.704254
0.685686        0.704097
0.686687        0.703944
0.687688        0.703796
0.688689        0.703653
0.68969         0.703515
0.690691        0.703381
0.691692        0.703252
0.692693        0.703127
0.693694        0.703006
0.694695        0.70289
0.695696        0.702777
0.696697        0.702668
0.697698        0.702563
0.698699        0.702461
0.6997          0.702364
0.700701        0.702269
0.701702        0.702178
0.702703        0.70209
0.703704        0.702005
0.704705        0.701923
0.705706        0.701845
0.706707        0.701769
0.707708        0.701696
0.708709        0.701625
0.70971         0.701557
0.710711        0.701492
0.711712        0.701429
0.712713        0.701369
0.713714        0.701311
0.714715        0.701255
0.715716        0.701201
0.716717        0.701149
0.717718        0.701099
0.718719        0.701052
0.71972         0.701006
0.720721        0.700962
0.721722        0.700919
0.722723        0.700879
0.723724        0.70084
0.724725        0.700802
0.725726        0.700766
0.726727        0.700732
0.727728        0.700699
0.728729        0.700667
0.72973         0.700636
0.730731        0.700607
0.731732        0.700579
0.732733        0.700553
0.733734        0.700527
0.734735        0.700503
0.735736        0.700479
0.736737        0.700457
0.737738        0.700435
0.738739        0.700414
0.73974         0.700395
0.740741        0.700376
0.741742        0.700358
0.742743        0.700341
0.743744        0.700324
0.744745        0.700309
0.745746        0.700294
0.746747        0.700279
0.747748        0.700266
0.748749        0.700252
0.74975         0.70024
0.750751        0.700228
0.751752        0.700217
0.752753        0.700206
0.753754        0.700196
0.754755        0.700186
0.755756        0.700176
0.756757        0.700167
0.757758        0.700159
0.758759        0.700151
0.75976         0.700143
0.760761        0.700136
0.761762        0.700129
0.762763        0.700122
0.763764        0.700116
0.764765        0.70011
0.765766        0.700104
0.766767        0.700098
0.767768        0.700093
0.768769        0.700088
0.76977         0.700084
0.770771        0.700079
0.771772        0.700075
0.772773        0.700071
0.773774        0.700067
0.774775        0.700063
0.775776        0.70006
0.776777        0.700057
0.777778        0.700054
0.778779        0.700051
0.77978         0.700048
0.780781        0.700045
0.781782        0.700043
0.782783        0.70004
0.783784        0.700038
0.784785        0.700036
0.785786        0.700034
0.786787        0.700032
0.787788        0.70003
0.788789        0.700028
0.78979         0.700027
0.790791        0.700025
0.791792        0.700024
0.792793        0.700022
0.793794        0.700021
0.794795        0.70002
0.795796        0.700019
0.796797        0.700018
0.797798        0.700017
0.798799        0.700016
0.7998          0.700015
0.800801        0.700014
0.801802        0.700013
0.802803        0.700012
0.803804        0.700012
0.804805        0.700011
0.805806        0.70001
0.806807        0.70001
0.807808        0.700009
0.808809        0.700008
0.80981         0.700008
0.810811        0.700007
0.811812        0.700007
0.812813        0.700007
0.813814        0.700006
0.814815        0.700006
0.815816        0.700005
0.816817        0.700005
0.817818        0.700005
0.818819        0.700004
0.81982         0.700004
0.820821        0.700004
0.821822        0.700004
0.822823        0.700003
0.823824        0.700003
0.824825        0.700003
0.825826        0.700003
0.826827        0.700003
0.827828        0.700002
0.828829        0.700002
0.82983         0.700002
0.830831        0.700002
0.831832        0.700002
0.832833        0.700002
0.833834        0.700002
0.834835        0.700002
0.835836        0.700001
0.836837        0.700001
0.837838        0.700001
0.838839        0.700001
0.83984         0.700001
0.840841        0.700001
0.841842        0.700001
0.842843        0.700001
0.843844        0.700001
0.844845        0.700001
0.845846        0.700001
0.846847        0.700001
0.847848        0.700001
0.848849        0.700001
0.84985         0.700001
0.850851        0.700001
0.851852        0.7
0.852853        0.7
0.853854        0.7
0.854855        0.7
0.855856        0.7
0.856857        0.7
0.857858        0.7
0.858859        0.7
0.85986         0.7
0.860861        0.7
0.861862        0.7
0.862863        0.7
0.863864        0.7
0.864865        0.7
0.865866        0.7
0.866867        0.7
0.867868        0.7
0.868869        0.7
0.86987         0.7
0.870871        0.7
0.871872        0.7
0.872873        0.7
0.873874        0.7
0.874875        0.7
0.875876        0.7
0.876877        0.7
0.877878        0.7
0.878879        0.7
0.87988         0.7
0.880881        0.7
0.881882        0.7
0.882883        0.7
0.883884        0.7
0.884885        0.7
0.885886        0.7
0.886887        0.7
0.887888        0.7
0.888889        0.7
0.88989         0.7
0.890891        0.7
0.891892        0.7
0.892893        0.7
0.893894        0.7
0.894895        0.7
0.895896        0.7
0.896897        0.7
0.897898        0.7
0.898899        0.7
0.8999          0.7
0.900901        0.7
0.901902        0.7
0.902903        0.7
0.903904        0.7
0.904905        0.7
0.905906        0.7
0.906907        0.7
0.907908        0.7
0.908909        0.7
0.90991         0.7
0.910911        0.7
0.911912        0.7
0.912913        0.7
0.913914        0.7
0.914915        0.7
0.915916        0.7
0.916917        0.7
0.917918        0.7
0.918919        0.7
0.91992         0.7
0.920921        0.7
0.921922        0.7
0.922923        0.7
0.923924        0.7
0.924925        0.7
0.925926        0.7
0.926927        0.7
0.927928        0.7
0.928929        0.7
0.92993         0.7
0.930931        0.7
0.931932        0.7
0.932933        0.7
0.933934        0.7
0.934935        0.7
0.935936        0.7
0.936937        0.7
0.937938        0.7
0.938939        0.7
0.93994         0.7
0.940941        0.7
0.941942        0.7
0.942943        0.7
0.943944        0.7
0.944945        0.7
0.945946        0.7
0.946947        0.7
0.947948        0.7
0.948949        0.7
0.94995         0.7
0.950951        0.7
0.951952        0.7
0.952953        0.7
0.953954        0.7
0.954955        0.7
0.955956        0.7
0.956957        0.7
0.957958        0.7
0.958959        0.7
0.95996         0.7
0.960961        0.7
0.961962        0.7
0.962963        0.7
0.963964        0.7
0.964965        0.7
0.965966        0.7
0.966967        0.7
0.967968        0.7
0.968969        0.7
0.96997         0.7
0.970971        0.7
0.971972        0.7
0.972973        0.7
0.973974        0.7
0.974975        0.7
0.975976        0.7
0.976977        0.7
0.977978        0.7
0.978979        0.7
0.97998         0.7
0.980981        0.7
0.981982        0.7
0.982983        0.7
0.983984        0.7
0.984985        0.7
0.985986        0.7
0.986987        0.7
0.987988        0.7
0.988989        0.7
0.98999         0.7
0.990991        0.7
0.991992        0.7
0.992993        0.7
0.993994        0.7
0.994995        0.7
0.995996        0.7
0.996997        0.7
0.997998        0.7
0.998999        0.7
1               0.7
