#====================================================
#t = 1       rho_bar = 0.7     Viscosity = 0.165
#====================================================
#x              rho
#====================================================
0               0.787018
0.001001        0.786659
0.002002        0.7863
0.003003        0.785941
0.004004        0.785581
0.00500501      0.785222
0.00600601      0.784863
0.00700701      0.784504
0.00800801      0.784145
0.00900901      0.783786
0.01001         0.783428
0.011011        0.783069
0.012012        0.78271
0.013013        0.782351
0.014014        0.781993
0.015015        0.781634
0.016016        0.781276
0.017017        0.780917
0.018018        0.780559
0.019019        0.780201
0.02002         0.779843
0.021021        0.779485
0.022022        0.779127
0.023023        0.778769
0.024024        0.778411
0.025025        0.778054
0.026026        0.777696
0.027027        0.777339
0.028028        0.776981
0.029029        0.776624
0.03003         0.776267
0.031031        0.77591
0.032032        0.775553
0.033033        0.775197
0.034034        0.77484
0.035035        0.774484
0.036036        0.774127
0.037037        0.773771
0.038038        0.773415
0.039039        0.773059
0.04004         0.772704
0.041041        0.772348
0.042042        0.771993
0.043043        0.771637
0.044044        0.771282
0.045045        0.770927
0.046046        0.770573
0.047047        0.770218
0.048048        0.769864
0.049049        0.769509
0.0500501       0.769155
0.0510511       0.768801
0.0520521       0.768448
0.0530531       0.768094
0.0540541       0.767741
0.0550551       0.767388
0.0560561       0.767035
0.0570571       0.766682
0.0580581       0.76633
0.0590591       0.765978
0.0600601       0.765626
0.0610611       0.765274
0.0620621       0.764922
0.0630631       0.764571
0.0640641       0.76422
0.0650651       0.763869
0.0660661       0.763518
0.0670671       0.763168
0.0680681       0.762817
0.0690691       0.762467
0.0700701       0.762118
0.0710711       0.761768
0.0720721       0.761419
0.0730731       0.76107
0.0740741       0.760722
0.0750751       0.760373
0.0760761       0.760025
0.0770771       0.759677
0.0780781       0.75933
0.0790791       0.758983
0.0800801       0.758636
0.0810811       0.758289
0.0820821       0.757943
0.0830831       0.757597
0.0840841       0.757251
0.0850851       0.756905
0.0860861       0.75656
0.0870871       0.756215
0.0880881       0.755871
0.0890891       0.755527
0.0900901       0.755183
0.0910911       0.75484
0.0920921       0.754496
0.0930931       0.754154
0.0940941       0.753811
0.0950951       0.753469
0.0960961       0.753127
0.0970971       0.752786
0.0980981       0.752445
0.0990991       0.752104
0.1001          0.751764
0.101101        0.751424
0.102102        0.751085
0.103103        0.750745
0.104104        0.750407
0.105105        0.750068
0.106106        0.749731
0.107107        0.749393
0.108108        0.749056
0.109109        0.748719
0.11011         0.748383
0.111111        0.748047
0.112112        0.747712
0.113113        0.747377
0.114114        0.747042
0.115115        0.746708
0.116116        0.746375
0.117117        0.746042
0.118118        0.745709
0.119119        0.745377
0.12012         0.745045
0.121121        0.744714
0.122122        0.744383
0.123123        0.744053
0.124124        0.743723
0.125125        0.743394
0.126126        0.743065
0.127127        0.742737
0.128128        0.742409
0.129129        0.742082
0.13013         0.741756
0.131131        0.74143
0.132132        0.741104
0.133133        0.740779
0.134134        0.740455
0.135135        0.740131
0.136136        0.739808
0.137137        0.739485
0.138138        0.739163
0.139139        0.738842
0.14014         0.738521
0.141141        0.7382
0.142142        0.737881
0.143143        0.737562
0.144144        0.737243
0.145145        0.736926
0.146146        0.736609
0.147147        0.736292
0.148148        0.735976
0.149149        0.735661
0.15015         0.735347
0.151151        0.735033
0.152152        0.73472
0.153153        0.734408
0.154154        0.734096
0.155155        0.733785
0.156156        0.733475
0.157157        0.733166
0.158158        0.732857
0.159159        0.732549
0.16016         0.732242
0.161161        0.731935
0.162162        0.73163
0.163163        0.731325
0.164164        0.731021
0.165165        0.730717
0.166166        0.730415
0.167167        0.730113
0.168168        0.729813
0.169169        0.729513
0.17017         0.729214
0.171171        0.728915
0.172172        0.728618
0.173173        0.728321
0.174174        0.728026
0.175175        0.727731
0.176176        0.727437
0.177177        0.727145
0.178178        0.726853
0.179179        0.726562
0.18018         0.726272
0.181181        0.725983
0.182182        0.725695
0.183183        0.725408
0.184184        0.725122
0.185185        0.724837
0.186186        0.724552
0.187187        0.72427
0.188188        0.723988
0.189189        0.723707
0.19019         0.723427
0.191191        0.723148
0.192192        0.722871
0.193193        0.722594
0.194194        0.722319
0.195195        0.722044
0.196196        0.721771
0.197197        0.721499
0.198198        0.721229
0.199199        0.720959
0.2002          0.720691
0.201201        0.720424
0.202202        0.720158
0.203203        0.719893
0.204204        0.71963
0.205205        0.719367
0.206206        0.719107
0.207207        0.718847
0.208208        0.718589
0.209209        0.718332
0.21021         0.718076
0.211211        0.717822
0.212212        0.717569
0.213213        0.717318
0.214214        0.717068
0.215215        0.716819
0.216216        0.716572
0.217217        0.716326
0.218218        0.716082
0.219219        0.715839
0.22022         0.715598
0.221221        0.715358
0.222222        0.71512
0.223223        0.714883
0.224224        0.714648
0.225225        0.714415
0.226226        0.714183
0.227227        0.713953
0.228228        0.713724
0.229229        0.713497
0.23023         0.713271
0.231231        0.713048
0.232232        0.712826
0.233233        0.712605
0.234234        0.712387
0.235235        0.71217
0.236236        0.711955
0.237237        0.711742
0.238238        0.71153
0.239239        0.71132
0.24024         0.711112
0.241241        0.710906
0.242242        0.710702
0.243243        0.7105
0.244244        0.7103
0.245245        0.710101
0.246246        0.709904
0.247247        0.70971
0.248248        0.709517
0.249249        0.709326
0.25025         0.709138
0.251251        0.708951
0.252252        0.708766
0.253253        0.708583
0.254254        0.708403
0.255255        0.708224
0.256256        0.708047
0.257257        0.707873
0.258258        0.7077
0.259259        0.70753
0.26026         0.707362
0.261261        0.707196
0.262262        0.707032
0.263263        0.70687
0.264264        0.70671
0.265265        0.706552
0.266266        0.706397
0.267267        0.706244
0.268268        0.706093
0.269269        0.705944
0.27027         0.705797
0.271271        0.705653
0.272272        0.705511
0.273273        0.705371
0.274274        0.705233
0.275275        0.705097
0.276276        0.704964
0.277277        0.704833
0.278278        0.704704
0.279279        0.704577
0.28028         0.704453
0.281281        0.70433
0.282282        0.70421
0.283283        0.704092
0.284284        0.703977
0.285285        0.703863
0.286286        0.703752
0.287287        0.703643
0.288288        0.703536
0.289289        0.703431
0.29029         0.703328
0.291291        0.703228
0.292292        0.70313
0.293293        0.703033
0.294294        0.702939
0.295295        0.702847
0.296296        0.702757
0.297297        0.70267
0.298298        0.702584
0.299299        0.7025
0.3003          0.702418
0.301301        0.702338
0.302302        0.70226
0.303303        0.702184
0.304304        0.702111
0.305305        0.702038
0.306306        0.701968
0.307307        0.7019
0.308308        0.701833
0.309309        0.701769
0.31031         0.701706
0.311311        0.701645
0.312312        0.701585
0.313313        0.701527
0.314314        0.701471
0.315315        0.701417
0.316316        0.701364
0.317317        0.701313
0.318318        0.701263
0.319319        0.701215
0.32032         0.701168
0.321321        0.701123
0.322322        0.701079
0.323323        0.701037
0.324324        0.700996
0.325325        0.700956
0.326326        0.700918
0.327327        0.700881
0.328328        0.700845
0.329329        0.700811
0.33033         0.700777
0.331331        0.700745
0.332332        0.700714
0.333333        0.700684
0.334334        0.700655
0.335335        0.700627
0.336336        0.700601
0.337337        0.700575
0.338338        0.70055
0.339339        0.700526
0.34034         0.700503
0.341341        0.700481
0.342342        0.70046
0.343343        0.700439
0.344344        0.700419
0.345345        0.700401
0.346346        0.700382
0.347347        0.700365
0.348348        0.700348
0.349349        0.700332
0.35035         0.700317
0.351351        0.700302
0.352352        0.700288
0.353353        0.700275
0.354354        0.700262
0.355355        0.700249
0.356356        0.700237
0.357357        0.700226
0.358358        0.700215
0.359359        0.700205
0.36036         0.700195
0.361361        0.700185
0.362362        0.700176
0.363363        0.700168
0.364364        0.700159
0.365365        0.700151
0.366366        0.700144
0.367367        0.700137
0.368368        0.70013
0.369369        0.700123
0.37037         0.700117
0.371371        0.700111
0.372372        0.700105
0.373373        0.7001
0.374374        0.700095
0.375375        0.70009
0.376376        0.700085
0.377377        0.700081
0.378378        0.700077
0.379379        0.700072
0.38038         0.700069
0.381381        0.700065
0.382382        0.700062
0.383383        0.700058
0.384384        0.700055
0.385385        0.700052
0.386386        0.700049
0.387387        0.700047
0.388388        0.700044
0.389389        0.700042
0.39039         0.700039
0.391391        0.700037
0.392392        0.700035
0.393393        0.700033
0.394394        0.700031
0.395395        0.70003
0.396396        0.700028
0.397397        0.700026
0.398398        0.700025
0.399399        0.700024
0.4004          0.700022
0.401401        0.700021
0.402402        0.70002
0.403403        0.700019
0.404404        0.700018
0.405405        0.700017
0.406406        0.700016
0.407407        0.700015
0.408408        0.700014
0.409409        0.700013
0.41041         0.700012
0.411411        0.700012
0.412412        0.700011
0.413413        0.70001
0.414414        0.70001
0.415415        0.700009
0.416416        0.700008
0.417417        0.700008
0.418418        0.700007
0.419419        0.700007
0.42042         0.700007
0.421421        0.700006
0.422422        0.700006
0.423423        0.700005
0.424424        0.700005
0.425425        0.700005
0.426426        0.700005
0.427427        0.700004
0.428428        0.700004
0.429429        0.700004
0.43043         0.700003
0.431431        0.700003
0.432432        0.700003
0.433433        0.700003
0.434434        0.700003
0.435435        0.700003
0.436436        0.700002
0.437437        0.700002
0.438438        0.700002
0.439439        0.700002
0.44044         0.700002
0.441441        0.700002
0.442442        0.700002
0.443443        0.700001
0.444444        0.700001
0.445445        0.700001
0.446446        0.700001
0.447447        0.700001
0.448448        0.700001
0.449449        0.700001
0.45045         0.700001
0.451451        0.700001
0.452452        0.700001
0.453453        0.700001
0.454454        0.700001
0.455455        0.700001
0.456456        0.700001
0.457457        0.700001
0.458458        0.700001
0.459459        0.7
0.46046         0.7
0.461461        0.7
0.462462        0.7
0.463463        0.7
0.464464        0.7
0.465465        0.7
0.466466        0.7
0.467467        0.7
0.468468        0.7
0.469469        0.7
0.47047         0.7
0.471471        0.7
0.472472        0.7
0.473473        0.7
0.474474        0.7
0.475475        0.7
0.476476        0.7
0.477477        0.7
0.478478        0.7
0.479479        0.7
0.48048         0.7
0.481481        0.7
0.482482        0.7
0.483483        0.7
0.484484        0.7
0.485485        0.7
0.486486        0.7
0.487487        0.7
0.488488        0.7
0.489489        0.7
0.49049         0.7
0.491491        0.7
0.492492        0.7
0.493493        0.7
0.494494        0.7
0.495495        0.7
0.496496        0.7
0.497497        0.7
0.498498        0.7
0.499499        0.7
0.500501        0.7
0.501502        0.7
0.502503        0.7
0.503504        0.7
0.504505        0.7
0.505506        0.7
0.506507        0.7
0.507508        0.7
0.508509        0.7
0.50951         0.7
0.510511        0.7
0.511512        0.7
0.512513        0.7
0.513514        0.7
0.514515        0.7
0.515516        0.7
0.516517        0.7
0.517518        0.7
0.518519        0.7
0.51952         0.7
0.520521        0.7
0.521522        0.7
0.522523        0.7
0.523524        0.7
0.524525        0.7
0.525526        0.7
0.526527        0.7
0.527528        0.7
0.528529        0.7
0.52953         0.7
0.530531        0.7
0.531532        0.7
0.532533        0.7
0.533534        0.7
0.534535        0.7
0.535536        0.7
0.536537        0.7
0.537538        0.7
0.538539        0.7
0.53954         0.7
0.540541        0.7
0.541542        0.7
0.542543        0.7
0.543544        0.7
0.544545        0.7
0.545546        0.7
0.546547        0.7
0.547548        0.7
0.548549        0.7
0.54955         0.7
0.550551        0.7
0.551552        0.7
0.552553        0.7
0.553554        0.7
0.554555        0.7
0.555556        0.7
0.556557        0.7
0.557558        0.7
0.558559        0.7
0.55956         0.7
0.560561        0.7
0.561562        0.7
0.562563        0.7
0.563564        0.7
0.564565        0.7
0.565566        0.7
0.566567        0.7
0.567568        0.7
0.568569        0.7
0.56957         0.7
0.570571        0.7
0.571572        0.7
0.572573        0.7
0.573574        0.7
0.574575        0.7
0.575576        0.7
0.576577        0.7
0.577578        0.7
0.578579        0.7
0.57958         0.7
0.580581        0.7
0.581582        0.7
0.582583        0.7
0.583584        0.7
0.584585        0.7
0.585586        0.7
0.586587        0.7
0.587588        0.7
0.588589        0.7
0.58959         0.7
0.590591        0.7
0.591592        0.7
0.592593        0.7
0.593594        0.7
0.594595        0.7
0.595596        0.7
0.596597        0.7
0.597598        0.7
0.598599        0.7
0.5996          0.7
0.600601        0.7
0.601602        0.7
0.602603        0.7
0.603604        0.7
0.604605        0.7
0.605606        0.7
0.606607        0.7
0.607608        0.7
0.608609        0.7
0.60961         0.7
0.610611        0.7
0.611612        0.7
0.612613        0.7
0.613614        0.7
0.614615        0.7
0.615616        0.7
0.616617        0.7
0.617618        0.7
0.618619        0.7
0.61962         0.7
0.620621        0.7
0.621622        0.7
0.622623        0.7
0.623624        0.7
0.624625        0.7
0.625626        0.7
0.626627        0.7
0.627628        0.7
0.628629        0.7
0.62963         0.7
0.630631        0.7
0.631632        0.7
0.632633        0.7
0.633634        0.7
0.634635        0.7
0.635636        0.7
0.636637        0.7
0.637638        0.7
0.638639        0.7
0.63964         0.7
0.640641        0.7
0.641642        0.7
0.642643        0.7
0.643644        0.7
0.644645        0.7
0.645646        0.7
0.646647        0.7
0.647648        0.7
0.648649        0.7
0.64965         0.7
0.650651        0.7
0.651652        0.7
0.652653        0.7
0.653654        0.7
0.654655        0.7
0.655656        0.7
0.656657        0.7
0.657658        0.7
0.658659        0.7
0.65966         0.7
0.660661        0.7
0.661662        0.7
0.662663        0.7
0.663664        0.7
0.664665        0.7
0.665666        0.7
0.666667        0.7
0.667668        0.7
0.668669        0.7
0.66967         0.7
0.670671        0.7
0.671672        0.7
0.672673        0.7
0.673674        0.7
0.674675        0.7
0.675676        0.7
0.676677        0.7
0.677678        0.7
0.678679        0.7
0.67968         0.7
0.680681        0.7
0.681682        0.7
0.682683        0.7
0.683684        0.7
0.684685        0.7
0.685686        0.7
0.686687        0.7
0.687688        0.7
0.688689        0.7
0.68969         0.7
0.690691        0.7
0.691692        0.7
0.692693        0.7
0.693694        0.7
0.694695        0.7
0.695696        0.7
0.696697        0.7
0.697698        0.7
0.698699        0.7
0.6997          0.7
0.700701        0.7
0.701702        0.7
0.702703        0.7
0.703704        0.7
0.704705        0.7
0.705706        0.7
0.706707        0.7
0.707708        0.7
0.708709        0.7
0.70971         0.7
0.710711        0.7
0.711712        0.7
0.712713        0.7
0.713714        0.7
0.714715        0.7
0.715716        0.7
0.716717        0.7
0.717718        0.7
0.718719        0.7
0.71972         0.7
0.720721        0.7
0.721722        0.7
0.722723        0.7
0.723724        0.7
0.724725        0.7
0.725726        0.7
0.726727        0.7
0.727728        0.7
0.728729        0.7
0.72973         0.7
0.730731        0.7
0.731732        0.7
0.732733        0.7
0.733734        0.7
0.734735        0.7
0.735736        0.7
0.736737        0.7
0.737738        0.7
0.738739        0.7
0.73974         0.7
0.740741        0.700001
0.741742        0.700001
0.742743        0.700001
0.743744        0.700001
0.744745        0.700001
0.745746        0.700001
0.746747        0.700001
0.747748        0.700001
0.748749        0.700001
0.74975         0.700001
0.750751        0.700001
0.751752        0.700001
0.752753        0.700001
0.753754        0.700001
0.754755        0.700001
0.755756        0.700001
0.756757        0.700002
0.757758        0.700002
0.758759        0.700002
0.75976         0.700002
0.760761        0.700002
0.761762        0.700002
0.762763        0.700002
0.763764        0.700002
0.764765        0.700003
0.765766        0.700003
0.766767        0.700003
0.767768        0.700003
0.768769        0.700003
0.76977         0.700004
0.770771        0.700004
0.771772        0.700004
0.772773        0.700004
0.773774        0.700005
0.774775        0.700005
0.775776        0.700005
0.776777        0.700006
0.777778        0.700006
0.778779        0.700006
0.77978         0.700007
0.780781        0.700007
0.781782        0.700008
0.782783        0.700008
0.783784        0.700009
0.784785        0.700009
0.785786        0.70001
0.786787        0.700011
0.787788        0.700011
0.788789        0.700012
0.78979         0.700013
0.790791        0.700014
0.791792        0.700014
0.792793        0.700015
0.793794        0.700016
0.794795        0.700017
0.795796        0.700018
0.796797        0.700019
0.797798        0.700021
0.798799        0.700022
0.7998          0.700023
0.800801        0.700024
0.801802        0.700026
0.802803        0.700028
0.803804        0.700029
0.804805        0.700031
0.805806        0.700033
0.806807        0.700035
0.807808        0.700037
0.808809        0.700039
0.80981         0.700041
0.810811        0.700044
0.811812        0.700046
0.812813        0.700049
0.813814        0.700052
0.814815        0.700055
0.815816        0.700058
0.816817        0.700061
0.817818        0.700064
0.818819        0.700068
0.81982         0.700072
0.820821        0.700076
0.821822        0.70008
0.822823        0.700085
0.823824        0.70009
0.824825        0.700095
0.825826        0.7001
0.826827        0.700105
0.827828        0.700111
0.828829        0.700117
0.82983         0.700124
0.830831        0.70013
0.831832        0.700138
0.832833        0.700145
0.833834        0.700153
0.834835        0.700161
0.835836        0.70017
0.836837        0.700179
0.837838        0.700189
0.838839        0.700199
0.83984         0.700209
0.840841        0.70022
0.841842        0.700232
0.842843        0.700244
0.843844        0.700257
0.844845        0.700271
0.845846        0.700285
0.846847        0.7003
0.847848        0.700316
0.848849        0.700332
0.84985         0.700349
0.850851        0.700367
0.851852        0.700387
0.852853        0.700407
0.853854        0.700429
0.854855        0.700455
0.855856        0.700489
0.856857        0.70054
0.857858        0.700636
0.858859        0.700848
0.85986         0.70136
0.860861        0.702645
0.861862        0.705868
0.862863        0.713657
0.863864        0.730726
0.864865        0.761359
0.865866        0.800792
0.866867        0.832087
0.867868        0.842962
0.868869        0.838981
0.86987         0.83263
0.870871        0.829977
0.871872        0.830332
0.872873        0.831265
0.873874        0.831505
0.874875        0.831097
0.875876        0.83052
0.876877        0.830063
0.877878        0.829742
0.878879        0.829464
0.87988         0.829166
0.880881        0.828839
0.881882        0.8285
0.882883        0.828163
0.883884        0.827831
0.884885        0.827501
0.885886        0.82717
0.886887        0.826837
0.887888        0.826503
0.888889        0.826168
0.88989         0.825833
0.890891        0.825497
0.891892        0.82516
0.892893        0.824823
0.893894        0.824486
0.894895        0.824148
0.895896        0.823809
0.896897        0.82347
0.897898        0.82313
0.898899        0.82279
0.8999          0.822449
0.900901        0.822107
0.901902        0.821766
0.902903        0.821423
0.903904        0.82108
0.904905        0.820737
0.905906        0.820394
0.906907        0.820049
0.907908        0.819705
0.908909        0.81936
0.90991         0.819014
0.910911        0.818669
0.911912        0.818323
0.912913        0.817976
0.913914        0.817629
0.914915        0.817282
0.915916        0.816934
0.916917        0.816586
0.917918        0.816237
0.918919        0.815889
0.91992         0.81554
0.920921        0.81519
0.921922        0.814841
0.922923        0.814491
0.923924        0.81414
0.924925        0.81379
0.925926        0.813439
0.926927        0.813087
0.927928        0.812736
0.928929        0.812384
0.92993         0.812032
0.930931        0.81168
0.931932        0.811327
0.932933        0.810975
0.933934        0.810622
0.934935        0.810268
0.935936        0.809915
0.936937        0.809561
0.937938        0.809207
0.938939        0.808853
0.93994         0.808499
0.940941        0.808144
0.941942        0.807789
0.942943        0.807434
0.943944        0.807079
0.944945        0.806724
0.945946        0.806368
0.946947        0.806012
0.947948        0.805657
0.948949        0.8053
0.94995         0.804944
0.950951        0.804588
0.951952        0.804231
0.952953        0.803875
0.953954        0.803518
0.954955        0.803161
0.955956        0.802804
0.956957        0.802447
0.957958        0.802089
0.958959        0.801732
0.95996         0.801374
0.960961        0.801017
0.961962        0.800659
0.962963        0.800301
0.963964        0.799943
0.964965        0.799585
0.965966        0.799227
0.966967        0.798868
0.967968        0.79851
0.968969        0.798152
0.96997         0.797793
0.970971        0.797434
0.971972        0.797076
0.972973        0.796717
0.973974        0.796358
0.974975        0.795999
0.975976        0.79564
0.976977        0.795281
0.977978        0.794922
0.978979        0.794563
0.97998         0.794204
0.980981        0.793845
0.981982        0.793486
0.982983        0.793127
0.983984        0.792767
0.984985        0.792408
0.985986        0.792049
0.986987        0.791689
0.987988        0.79133
0.988989        0.790971
0.98999         0.790611
0.990991        0.790252
0.991992        0.789893
0.992993        0.789533
0.993994        0.789174
0.994995        0.788815
0.995996        0.788455
0.996997        0.788096
0.997998        0.787737
0.998999        0.787377
1               0.787018
