#====================================================
#   t = 0.4     rho_bar = 0.7     Viscosity = 0.1#====================================================
#x              rho
#====================================================
0               0.700002
0.001001        0.700002
0.002002        0.700002
0.003003        0.700002
0.004004        0.700002
0.00500501      0.700002
0.00600601      0.700002
0.00700701      0.700002
0.00800801      0.700003
0.00900901      0.700003
0.01001         0.700003
0.011011        0.700003
0.012012        0.700003
0.013013        0.700004
0.014014        0.700004
0.015015        0.700004
0.016016        0.700004
0.017017        0.700005
0.018018        0.700005
0.019019        0.700005
0.02002         0.700006
0.021021        0.700006
0.022022        0.700007
0.023023        0.700007
0.024024        0.700007
0.025025        0.700008
0.026026        0.700008
0.027027        0.700009
0.028028        0.700009
0.029029        0.70001
0.03003         0.700011
0.031031        0.700011
0.032032        0.700012
0.033033        0.700013
0.034034        0.700014
0.035035        0.700015
0.036036        0.700015
0.037037        0.700016
0.038038        0.700017
0.039039        0.700019
0.04004         0.70002
0.041041        0.700021
0.042042        0.700022
0.043043        0.700024
0.044044        0.700025
0.045045        0.700026
0.046046        0.700028
0.047047        0.70003
0.048048        0.700032
0.049049        0.700033
0.0500501       0.700035
0.0510511       0.700038
0.0520521       0.70004
0.0530531       0.700042
0.0540541       0.700045
0.0550551       0.700047
0.0560561       0.70005
0.0570571       0.700053
0.0580581       0.700056
0.0590591       0.700059
0.0600601       0.700062
0.0610611       0.700066
0.0620621       0.70007
0.0630631       0.700074
0.0640641       0.700078
0.0650651       0.700082
0.0660661       0.700087
0.0670671       0.700092
0.0680681       0.700097
0.0690691       0.700102
0.0700701       0.700108
0.0710711       0.700114
0.0720721       0.70012
0.0730731       0.700127
0.0740741       0.700134
0.0750751       0.700141
0.0760761       0.700149
0.0770771       0.700157
0.0780781       0.700165
0.0790791       0.700174
0.0800801       0.700184
0.0810811       0.700193
0.0820821       0.700204
0.0830831       0.700215
0.0840841       0.700226
0.0850851       0.700238
0.0860861       0.70025
0.0870871       0.700263
0.0880881       0.700277
0.0890891       0.700291
0.0900901       0.700306
0.0910911       0.700322
0.0920921       0.700339
0.0930931       0.700356
0.0940941       0.700374
0.0950951       0.700393
0.0960961       0.700413
0.0970971       0.700434
0.0980981       0.700456
0.0990991       0.700478
0.1001          0.700502
0.101101        0.700527
0.102102        0.700553
0.103103        0.700581
0.104104        0.700609
0.105105        0.700639
0.106106        0.70067
0.107107        0.700703
0.108108        0.700737
0.109109        0.700772
0.11011         0.70081
0.111111        0.700849
0.112112        0.700889
0.113113        0.700932
0.114114        0.700976
0.115115        0.701022
0.116116        0.701071
0.117117        0.701121
0.118118        0.701174
0.119119        0.701229
0.12012         0.701286
0.121121        0.701346
0.122122        0.701409
0.123123        0.701474
0.124124        0.701542
0.125125        0.701613
0.126126        0.701688
0.127127        0.701765
0.128128        0.701846
0.129129        0.70193
0.13013         0.702018
0.131131        0.702109
0.132132        0.702205
0.133133        0.702305
0.134134        0.702409
0.135135        0.702517
0.136136        0.70263
0.137137        0.702748
0.138138        0.702871
0.139139        0.702999
0.14014         0.703133
0.141141        0.703273
0.142142        0.703419
0.143143        0.703571
0.144144        0.703729
0.145145        0.703895
0.146146        0.704067
0.147147        0.704248
0.148148        0.704436
0.149149        0.704632
0.15015         0.704837
0.151151        0.705051
0.152152        0.705275
0.153153        0.705509
0.154154        0.705753
0.155155        0.706008
0.156156        0.706275
0.157157        0.706554
0.158158        0.706846
0.159159        0.707152
0.16016         0.707471
0.161161        0.707807
0.162162        0.708158
0.163163        0.708526
0.164164        0.708912
0.165165        0.709317
0.166166        0.709743
0.167167        0.71019
0.168168        0.710661
0.169169        0.711156
0.17017         0.711678
0.171171        0.712229
0.172172        0.71281
0.173173        0.713424
0.174174        0.714074
0.175175        0.714764
0.176176        0.715496
0.177177        0.716274
0.178178        0.717104
0.179179        0.717992
0.18018         0.718942
0.181181        0.719965
0.182182        0.721068
0.183183        0.722264
0.184184        0.723568
0.185185        0.724999
0.186186        0.726583
0.187187        0.728358
0.188188        0.730375
0.189189        0.732715
0.19019         0.735499
0.191191        0.73892
0.192192        0.743281
0.193193        0.749033
0.194194        0.756784
0.195195        0.767171
0.196196        0.780464
0.197197        0.795918
0.198198        0.811416
0.199199        0.8242
0.2002          0.832549
0.201201        0.836802
0.202202        0.838674
0.203203        0.839804
0.204204        0.840979
0.205205        0.842272
0.206206        0.8435
0.207207        0.844538
0.208208        0.845379
0.209209        0.846074
0.21021         0.846667
0.211211        0.847182
0.212212        0.847626
0.213213        0.848002
0.214214        0.848316
0.215215        0.848574
0.216216        0.848782
0.217217        0.848945
0.218218        0.849066
0.219219        0.84915
0.22022         0.849198
0.221221        0.849214
0.222222        0.849199
0.223223        0.849156
0.224224        0.849088
0.225225        0.848994
0.226226        0.848878
0.227227        0.848739
0.228228        0.848581
0.229229        0.848403
0.23023         0.848207
0.231231        0.847994
0.232232        0.847764
0.233233        0.847519
0.234234        0.847259
0.235235        0.846984
0.236236        0.846697
0.237237        0.846397
0.238238        0.846084
0.239239        0.84576
0.24024         0.845425
0.241241        0.845079
0.242242        0.844722
0.243243        0.844356
0.244244        0.843981
0.245245        0.843596
0.246246        0.843203
0.247247        0.842801
0.248248        0.842391
0.249249        0.841973
0.25025         0.841548
0.251251        0.841116
0.252252        0.840676
0.253253        0.84023
0.254254        0.839778
0.255255        0.839319
0.256256        0.838854
0.257257        0.838383
0.258258        0.837906
0.259259        0.837424
0.26026         0.836937
0.261261        0.836445
0.262262        0.835947
0.263263        0.835445
0.264264        0.834938
0.265265        0.834427
0.266266        0.833911
0.267267        0.833391
0.268268        0.832867
0.269269        0.832339
0.27027         0.831807
0.271271        0.831271
0.272272        0.830732
0.273273        0.830189
0.274274        0.829643
0.275275        0.829093
0.276276        0.82854
0.277277        0.827984
0.278278        0.827425
0.279279        0.826863
0.28028         0.826298
0.281281        0.825731
0.282282        0.82516
0.283283        0.824587
0.284284        0.824012
0.285285        0.823434
0.286286        0.822854
0.287287        0.822271
0.288288        0.821687
0.289289        0.8211
0.29029         0.82051
0.291291        0.819919
0.292292        0.819326
0.293293        0.818731
0.294294        0.818134
0.295295        0.817536
0.296296        0.816935
0.297297        0.816333
0.298298        0.815729
0.299299        0.815124
0.3003          0.814517
0.301301        0.813909
0.302302        0.813299
0.303303        0.812688
0.304304        0.812076
0.305305        0.811462
0.306306        0.810847
0.307307        0.810231
0.308308        0.809614
0.309309        0.808995
0.31031         0.808376
0.311311        0.807756
0.312312        0.807134
0.313313        0.806512
0.314314        0.805889
0.315315        0.805265
0.316316        0.80464
0.317317        0.804015
0.318318        0.803388
0.319319        0.802762
0.32032         0.802134
0.321321        0.801506
0.322322        0.800877
0.323323        0.800248
0.324324        0.799618
0.325325        0.798988
0.326326        0.798357
0.327327        0.797726
0.328328        0.797094
0.329329        0.796463
0.33033         0.795831
0.331331        0.795198
0.332332        0.794566
0.333333        0.793933
0.334334        0.7933
0.335335        0.792667
0.336336        0.792034
0.337337        0.791401
0.338338        0.790767
0.339339        0.790134
0.34034         0.789501
0.341341        0.788868
0.342342        0.788234
0.343343        0.787601
0.344344        0.786969
0.345345        0.786336
0.346346        0.785703
0.347347        0.785071
0.348348        0.784439
0.349349        0.783807
0.35035         0.783176
0.351351        0.782545
0.352352        0.781914
0.353353        0.781284
0.354354        0.780654
0.355355        0.780025
0.356356        0.779396
0.357357        0.778768
0.358358        0.77814
0.359359        0.777513
0.36036         0.776886
0.361361        0.77626
0.362362        0.775635
0.363363        0.77501
0.364364        0.774386
0.365365        0.773763
0.366366        0.77314
0.367367        0.772519
0.368368        0.771898
0.369369        0.771278
0.37037         0.770659
0.371371        0.770041
0.372372        0.769424
0.373373        0.768807
0.374374        0.768192
0.375375        0.767578
0.376376        0.766965
0.377377        0.766353
0.378378        0.765742
0.379379        0.765132
0.38038         0.764523
0.381381        0.763916
0.382382        0.763309
0.383383        0.762704
0.384384        0.762101
0.385385        0.761498
0.386386        0.760897
0.387387        0.760297
0.388388        0.759699
0.389389        0.759102
0.39039         0.758507
0.391391        0.757913
0.392392        0.75732
0.393393        0.75673
0.394394        0.75614
0.395395        0.755552
0.396396        0.754966
0.397397        0.754382
0.398398        0.753799
0.399399        0.753218
0.4004          0.752639
0.401401        0.752061
0.402402        0.751486
0.403403        0.750912
0.404404        0.75034
0.405405        0.74977
0.406406        0.749202
0.407407        0.748636
0.408408        0.748072
0.409409        0.74751
0.41041         0.74695
0.411411        0.746392
0.412412        0.745836
0.413413        0.745282
0.414414        0.744731
0.415415        0.744182
0.416416        0.743635
0.417417        0.74309
0.418418        0.742548
0.419419        0.742008
0.42042         0.74147
0.421421        0.740935
0.422422        0.740402
0.423423        0.739872
0.424424        0.739344
0.425425        0.738819
0.426426        0.738297
0.427427        0.737777
0.428428        0.737259
0.429429        0.736745
0.43043         0.736233
0.431431        0.735724
0.432432        0.735218
0.433433        0.734714
0.434434        0.734214
0.435435        0.733716
0.436436        0.733221
0.437437        0.732729
0.438438        0.732241
0.439439        0.731755
0.44044         0.731272
0.441441        0.730793
0.442442        0.730316
0.443443        0.729843
0.444444        0.729373
0.445445        0.728906
0.446446        0.728443
0.447447        0.727982
0.448448        0.727525
0.449449        0.727072
0.45045         0.726622
0.451451        0.726175
0.452452        0.725732
0.453453        0.725293
0.454454        0.724857
0.455455        0.724424
0.456456        0.723995
0.457457        0.72357
0.458458        0.723148
0.459459        0.72273
0.46046         0.722316
0.461461        0.721906
0.462462        0.7215
0.463463        0.721097
0.464464        0.720698
0.465465        0.720303
0.466466        0.719912
0.467467        0.719525
0.468468        0.719142
0.469469        0.718763
0.47047         0.718388
0.471471        0.718017
0.472472        0.71765
0.473473        0.717287
0.474474        0.716928
0.475475        0.716573
0.476476        0.716223
0.477477        0.715877
0.478478        0.715535
0.479479        0.715197
0.48048         0.714863
0.481481        0.714534
0.482482        0.714209
0.483483        0.713888
0.484484        0.713572
0.485485        0.71326
0.486486        0.712952
0.487487        0.712649
0.488488        0.712349
0.489489        0.712055
0.49049         0.711764
0.491491        0.711478
0.492492        0.711197
0.493493        0.71092
0.494494        0.710647
0.495495        0.710378
0.496496        0.710114
0.497497        0.709854
0.498498        0.709599
0.499499        0.709348
0.500501        0.709101
0.501502        0.708859
0.502503        0.708621
0.503504        0.708387
0.504505        0.708158
0.505506        0.707933
0.506507        0.707712
0.507508        0.707496
0.508509        0.707283
0.50951         0.707075
0.510511        0.706871
0.511512        0.706671
0.512513        0.706476
0.513514        0.706284
0.514515        0.706097
0.515516        0.705914
0.516517        0.705734
0.517518        0.705559
0.518519        0.705388
0.51952         0.70522
0.520521        0.705057
0.521522        0.704897
0.522523        0.704741
0.523524        0.704589
0.524525        0.70444
0.525526        0.704295
0.526527        0.704154
0.527528        0.704016
0.528529        0.703882
0.52953         0.703752
0.530531        0.703624
0.531532        0.703501
0.532533        0.70338
0.533534        0.703263
0.534535        0.703149
0.535536        0.703038
0.536537        0.702931
0.537538        0.702826
0.538539        0.702724
0.53954         0.702626
0.540541        0.70253
0.541542        0.702437
0.542543        0.702347
0.543544        0.70226
0.544545        0.702175
0.545546        0.702093
0.546547        0.702014
0.547548        0.701937
0.548549        0.701862
0.54955         0.70179
0.550551        0.701721
0.551552        0.701653
0.552553        0.701588
0.553554        0.701525
0.554555        0.701464
0.555556        0.701405
0.556557        0.701348
0.557558        0.701294
0.558559        0.701241
0.55956         0.70119
0.560561        0.70114
0.561562        0.701093
0.562563        0.701047
0.563564        0.701003
0.564565        0.700961
0.565566        0.70092
0.566567        0.700881
0.567568        0.700843
0.568569        0.700806
0.56957         0.700771
0.570571        0.700738
0.571572        0.700705
0.572573        0.700674
0.573574        0.700644
0.574575        0.700615
0.575576        0.700588
0.576577        0.700561
0.577578        0.700536
0.578579        0.700512
0.57958         0.700488
0.580581        0.700466
0.581582        0.700444
0.582583        0.700424
0.583584        0.700404
0.584585        0.700385
0.585586        0.700367
0.586587        0.70035
0.587588        0.700333
0.588589        0.700317
0.58959         0.700302
0.590591        0.700288
0.591592        0.700274
0.592593        0.70026
0.593594        0.700248
0.594595        0.700236
0.595596        0.700224
0.596597        0.700213
0.597598        0.700202
0.598599        0.700192
0.5996          0.700183
0.600601        0.700174
0.601602        0.700165
0.602603        0.700157
0.603604        0.700149
0.604605        0.700141
0.605606        0.700134
0.606607        0.700127
0.607608        0.70012
0.608609        0.700114
0.60961         0.700108
0.610611        0.700103
0.611612        0.700097
0.612613        0.700092
0.613614        0.700087
0.614615        0.700083
0.615616        0.700078
0.616617        0.700074
0.617618        0.70007
0.618619        0.700066
0.61962         0.700063
0.620621        0.700059
0.621622        0.700056
0.622623        0.700053
0.623624        0.70005
0.624625        0.700047
0.625626        0.700045
0.626627        0.700042
0.627628        0.70004
0.628629        0.700038
0.62963         0.700036
0.630631        0.700034
0.631632        0.700032
0.632633        0.70003
0.633634        0.700028
0.634635        0.700027
0.635636        0.700025
0.636637        0.700024
0.637638        0.700022
0.638639        0.700021
0.63964         0.70002
0.640641        0.700019
0.641642        0.700018
0.642643        0.700017
0.643644        0.700016
0.644645        0.700015
0.645646        0.700014
0.646647        0.700013
0.647648        0.700012
0.648649        0.700012
0.64965         0.700011
0.650651        0.70001
0.651652        0.70001
0.652653        0.700009
0.653654        0.700008
0.654655        0.700008
0.655656        0.700007
0.656657        0.700007
0.657658        0.700007
0.658659        0.700006
0.65966         0.700006
0.660661        0.700005
0.661662        0.700005
0.662663        0.700005
0.663664        0.700004
0.664665        0.700004
0.665666        0.700004
0.666667        0.700004
0.667668        0.700003
0.668669        0.700003
0.66967         0.700003
0.670671        0.700003
0.671672        0.700003
0.672673        0.700002
0.673674        0.700002
0.674675        0.700002
0.675676        0.700002
0.676677        0.700002
0.677678        0.700002
0.678679        0.700002
0.67968         0.700002
0.680681        0.700001
0.681682        0.700001
0.682683        0.700001
0.683684        0.700001
0.684685        0.700001
0.685686        0.700001
0.686687        0.700001
0.687688        0.700001
0.688689        0.700001
0.68969         0.700001
0.690691        0.700001
0.691692        0.700001
0.692693        0.700001
0.693694        0.700001
0.694695        0.700001
0.695696        0.700001
0.696697        0.7
0.697698        0.7
0.698699        0.7
0.6997          0.7
0.700701        0.7
0.701702        0.7
0.702703        0.7
0.703704        0.7
0.704705        0.7
0.705706        0.7
0.706707        0.7
0.707708        0.7
0.708709        0.7
0.70971         0.7
0.710711        0.7
0.711712        0.7
0.712713        0.7
0.713714        0.7
0.714715        0.7
0.715716        0.7
0.716717        0.7
0.717718        0.7
0.718719        0.7
0.71972         0.7
0.720721        0.7
0.721722        0.7
0.722723        0.7
0.723724        0.7
0.724725        0.7
0.725726        0.7
0.726727        0.7
0.727728        0.7
0.728729        0.7
0.72973         0.7
0.730731        0.7
0.731732        0.7
0.732733        0.7
0.733734        0.7
0.734735        0.7
0.735736        0.7
0.736737        0.7
0.737738        0.7
0.738739        0.7
0.73974         0.7
0.740741        0.7
0.741742        0.7
0.742743        0.7
0.743744        0.7
0.744745        0.7
0.745746        0.7
0.746747        0.7
0.747748        0.7
0.748749        0.7
0.74975         0.7
0.750751        0.7
0.751752        0.7
0.752753        0.7
0.753754        0.7
0.754755        0.7
0.755756        0.7
0.756757        0.7
0.757758        0.7
0.758759        0.7
0.75976         0.7
0.760761        0.7
0.761762        0.7
0.762763        0.7
0.763764        0.7
0.764765        0.7
0.765766        0.7
0.766767        0.7
0.767768        0.7
0.768769        0.7
0.76977         0.7
0.770771        0.7
0.771772        0.7
0.772773        0.7
0.773774        0.7
0.774775        0.7
0.775776        0.7
0.776777        0.7
0.777778        0.7
0.778779        0.7
0.77978         0.7
0.780781        0.7
0.781782        0.7
0.782783        0.7
0.783784        0.7
0.784785        0.7
0.785786        0.7
0.786787        0.7
0.787788        0.7
0.788789        0.7
0.78979         0.7
0.790791        0.7
0.791792        0.7
0.792793        0.7
0.793794        0.7
0.794795        0.7
0.795796        0.7
0.796797        0.7
0.797798        0.7
0.798799        0.7
0.7998          0.7
0.800801        0.7
0.801802        0.7
0.802803        0.7
0.803804        0.7
0.804805        0.7
0.805806        0.7
0.806807        0.7
0.807808        0.7
0.808809        0.7
0.80981         0.7
0.810811        0.7
0.811812        0.7
0.812813        0.7
0.813814        0.7
0.814815        0.7
0.815816        0.7
0.816817        0.7
0.817818        0.7
0.818819        0.7
0.81982         0.7
0.820821        0.7
0.821822        0.7
0.822823        0.7
0.823824        0.7
0.824825        0.7
0.825826        0.7
0.826827        0.7
0.827828        0.7
0.828829        0.7
0.82983         0.7
0.830831        0.7
0.831832        0.7
0.832833        0.7
0.833834        0.7
0.834835        0.7
0.835836        0.7
0.836837        0.7
0.837838        0.7
0.838839        0.7
0.83984         0.7
0.840841        0.7
0.841842        0.7
0.842843        0.7
0.843844        0.7
0.844845        0.7
0.845846        0.7
0.846847        0.7
0.847848        0.7
0.848849        0.7
0.84985         0.7
0.850851        0.7
0.851852        0.7
0.852853        0.7
0.853854        0.7
0.854855        0.7
0.855856        0.7
0.856857        0.7
0.857858        0.7
0.858859        0.7
0.85986         0.7
0.860861        0.7
0.861862        0.7
0.862863        0.7
0.863864        0.7
0.864865        0.7
0.865866        0.7
0.866867        0.7
0.867868        0.7
0.868869        0.7
0.86987         0.7
0.870871        0.7
0.871872        0.7
0.872873        0.7
0.873874        0.7
0.874875        0.7
0.875876        0.7
0.876877        0.7
0.877878        0.7
0.878879        0.7
0.87988         0.7
0.880881        0.7
0.881882        0.7
0.882883        0.7
0.883884        0.7
0.884885        0.7
0.885886        0.7
0.886887        0.7
0.887888        0.7
0.888889        0.7
0.88989         0.7
0.890891        0.7
0.891892        0.7
0.892893        0.7
0.893894        0.7
0.894895        0.7
0.895896        0.7
0.896897        0.7
0.897898        0.7
0.898899        0.7
0.8999          0.7
0.900901        0.7
0.901902        0.7
0.902903        0.7
0.903904        0.7
0.904905        0.7
0.905906        0.7
0.906907        0.7
0.907908        0.7
0.908909        0.7
0.90991         0.7
0.910911        0.7
0.911912        0.7
0.912913        0.7
0.913914        0.7
0.914915        0.7
0.915916        0.7
0.916917        0.7
0.917918        0.7
0.918919        0.7
0.91992         0.7
0.920921        0.7
0.921922        0.7
0.922923        0.7
0.923924        0.7
0.924925        0.7
0.925926        0.7
0.926927        0.7
0.927928        0.7
0.928929        0.7
0.92993         0.7
0.930931        0.7
0.931932        0.7
0.932933        0.7
0.933934        0.7
0.934935        0.7
0.935936        0.7
0.936937        0.7
0.937938        0.7
0.938939        0.7
0.93994         0.7
0.940941        0.7
0.941942        0.7
0.942943        0.7
0.943944        0.7
0.944945        0.7
0.945946        0.7
0.946947        0.7
0.947948        0.7
0.948949        0.7
0.94995         0.7
0.950951        0.7
0.951952        0.7
0.952953        0.7
0.953954        0.7
0.954955        0.7
0.955956        0.7
0.956957        0.7
0.957958        0.7
0.958959        0.7
0.95996         0.7
0.960961        0.7
0.961962        0.7
0.962963        0.7
0.963964        0.7
0.964965        0.7
0.965966        0.7
0.966967        0.7
0.967968        0.7
0.968969        0.7
0.96997         0.7
0.970971        0.7
0.971972        0.7
0.972973        0.7
0.973974        0.7
0.974975        0.7
0.975976        0.7
0.976977        0.7
0.977978        0.7
0.978979        0.7
0.97998         0.7
0.980981        0.7
0.981982        0.7
0.982983        0.7
0.983984        0.700001
0.984985        0.700001
0.985986        0.700001
0.986987        0.700001
0.987988        0.700001
0.988989        0.700001
0.98999         0.700001
0.990991        0.700001
0.991992        0.700001
0.992993        0.700001
0.993994        0.700001
0.994995        0.700001
0.995996        0.700001
0.996997        0.700001
0.997998        0.700001
0.998999        0.700001
1               0.700002
