#====================================================
#t = 1.2     rho_bar = 0.7     Viscosity = 0.17
#====================================================
#x              rho
#====================================================
0               0.751599
0.001001        0.7513
0.002002        0.751001
0.003003        0.750702
0.004004        0.750404
0.00500501      0.750106
0.00600601      0.749809
0.00700701      0.749511
0.00800801      0.749214
0.00900901      0.748917
0.01001         0.748621
0.011011        0.748324
0.012012        0.748028
0.013013        0.747733
0.014014        0.747437
0.015015        0.747142
0.016016        0.746848
0.017017        0.746553
0.018018        0.746259
0.019019        0.745965
0.02002         0.745672
0.021021        0.745379
0.022022        0.745086
0.023023        0.744793
0.024024        0.744501
0.025025        0.744209
0.026026        0.743918
0.027027        0.743627
0.028028        0.743336
0.029029        0.743045
0.03003         0.742755
0.031031        0.742466
0.032032        0.742176
0.033033        0.741887
0.034034        0.741599
0.035035        0.741311
0.036036        0.741023
0.037037        0.740735
0.038038        0.740448
0.039039        0.740162
0.04004         0.739876
0.041041        0.73959
0.042042        0.739304
0.043043        0.739019
0.044044        0.738735
0.045045        0.738451
0.046046        0.738167
0.047047        0.737883
0.048048        0.737601
0.049049        0.737318
0.0500501       0.737036
0.0510511       0.736755
0.0520521       0.736474
0.0530531       0.736193
0.0540541       0.735913
0.0550551       0.735633
0.0560561       0.735354
0.0570571       0.735075
0.0580581       0.734797
0.0590591       0.734519
0.0600601       0.734242
0.0610611       0.733965
0.0620621       0.733689
0.0630631       0.733413
0.0640641       0.733138
0.0650651       0.732864
0.0660661       0.732589
0.0670671       0.732316
0.0680681       0.732043
0.0690691       0.73177
0.0700701       0.731498
0.0710711       0.731227
0.0720721       0.730956
0.0730731       0.730686
0.0740741       0.730416
0.0750751       0.730147
0.0760761       0.729879
0.0770771       0.729611
0.0780781       0.729343
0.0790791       0.729077
0.0800801       0.728811
0.0810811       0.728545
0.0820821       0.728281
0.0830831       0.728016
0.0840841       0.727753
0.0850851       0.72749
0.0860861       0.727228
0.0870871       0.726966
0.0880881       0.726706
0.0890891       0.726445
0.0900901       0.726186
0.0910911       0.725927
0.0920921       0.725669
0.0930931       0.725412
0.0940941       0.725155
0.0950951       0.724899
0.0960961       0.724644
0.0970971       0.72439
0.0980981       0.724136
0.0990991       0.723884
0.1001          0.723631
0.101101        0.72338
0.102102        0.72313
0.103103        0.72288
0.104104        0.722631
0.105105        0.722383
0.106106        0.722136
0.107107        0.72189
0.108108        0.721644
0.109109        0.721399
0.11011         0.721156
0.111111        0.720913
0.112112        0.720671
0.113113        0.72043
0.114114        0.720189
0.115115        0.71995
0.116116        0.719712
0.117117        0.719474
0.118118        0.719238
0.119119        0.719002
0.12012         0.718768
0.121121        0.718534
0.122122        0.718302
0.123123        0.71807
0.124124        0.71784
0.125125        0.71761
0.126126        0.717382
0.127127        0.717154
0.128128        0.716928
0.129129        0.716703
0.13013         0.716479
0.131131        0.716255
0.132132        0.716034
0.133133        0.715813
0.134134        0.715593
0.135135        0.715375
0.136136        0.715157
0.137137        0.714941
0.138138        0.714726
0.139139        0.714512
0.14014         0.7143
0.141141        0.714088
0.142142        0.713878
0.143143        0.713669
0.144144        0.713462
0.145145        0.713256
0.146146        0.713051
0.147147        0.712847
0.148148        0.712645
0.149149        0.712444
0.15015         0.712244
0.151151        0.712046
0.152152        0.711849
0.153153        0.711653
0.154154        0.711459
0.155155        0.711267
0.156156        0.711076
0.157157        0.710886
0.158158        0.710698
0.159159        0.710511
0.16016         0.710325
0.161161        0.710142
0.162162        0.709959
0.163163        0.709779
0.164164        0.709599
0.165165        0.709422
0.166166        0.709246
0.167167        0.709071
0.168168        0.708899
0.169169        0.708727
0.17017         0.708558
0.171171        0.70839
0.172172        0.708224
0.173173        0.708059
0.174174        0.707896
0.175175        0.707735
0.176176        0.707576
0.177177        0.707418
0.178178        0.707262
0.179179        0.707108
0.18018         0.706955
0.181181        0.706804
0.182182        0.706655
0.183183        0.706508
0.184184        0.706363
0.185185        0.70622
0.186186        0.706078
0.187187        0.705938
0.188188        0.7058
0.189189        0.705664
0.19019         0.705529
0.191191        0.705397
0.192192        0.705266
0.193193        0.705138
0.194194        0.705011
0.195195        0.704886
0.196196        0.704763
0.197197        0.704642
0.198198        0.704523
0.199199        0.704405
0.2002          0.70429
0.201201        0.704177
0.202202        0.704065
0.203203        0.703955
0.204204        0.703847
0.205205        0.703742
0.206206        0.703638
0.207207        0.703536
0.208208        0.703435
0.209209        0.703337
0.21021         0.703241
0.211211        0.703146
0.212212        0.703054
0.213213        0.702963
0.214214        0.702874
0.215215        0.702787
0.216216        0.702702
0.217217        0.702619
0.218218        0.702537
0.219219        0.702457
0.22022         0.70238
0.221221        0.702303
0.222222        0.702229
0.223223        0.702157
0.224224        0.702086
0.225225        0.702017
0.226226        0.701949
0.227227        0.701883
0.228228        0.701819
0.229229        0.701757
0.23023         0.701696
0.231231        0.701637
0.232232        0.701579
0.233233        0.701523
0.234234        0.701469
0.235235        0.701416
0.236236        0.701364
0.237237        0.701314
0.238238        0.701266
0.239239        0.701219
0.24024         0.701173
0.241241        0.701129
0.242242        0.701086
0.243243        0.701044
0.244244        0.701004
0.245245        0.700965
0.246246        0.700927
0.247247        0.70089
0.248248        0.700855
0.249249        0.70082
0.25025         0.700787
0.251251        0.700755
0.252252        0.700725
0.253253        0.700695
0.254254        0.700666
0.255255        0.700638
0.256256        0.700611
0.257257        0.700586
0.258258        0.700561
0.259259        0.700537
0.26026         0.700514
0.261261        0.700491
0.262262        0.70047
0.263263        0.700449
0.264264        0.700429
0.265265        0.70041
0.266266        0.700392
0.267267        0.700375
0.268268        0.700358
0.269269        0.700341
0.27027         0.700326
0.271271        0.700311
0.272272        0.700297
0.273273        0.700283
0.274274        0.70027
0.275275        0.700257
0.276276        0.700245
0.277277        0.700233
0.278278        0.700222
0.279279        0.700212
0.28028         0.700201
0.281281        0.700192
0.282282        0.700182
0.283283        0.700174
0.284284        0.700165
0.285285        0.700157
0.286286        0.700149
0.287287        0.700142
0.288288        0.700135
0.289289        0.700128
0.29029         0.700122
0.291291        0.700115
0.292292        0.70011
0.293293        0.700104
0.294294        0.700099
0.295295        0.700094
0.296296        0.700089
0.297297        0.700084
0.298298        0.70008
0.299299        0.700076
0.3003          0.700072
0.301301        0.700068
0.302302        0.700064
0.303303        0.700061
0.304304        0.700058
0.305305        0.700055
0.306306        0.700052
0.307307        0.700049
0.308308        0.700046
0.309309        0.700044
0.31031         0.700041
0.311311        0.700039
0.312312        0.700037
0.313313        0.700035
0.314314        0.700033
0.315315        0.700031
0.316316        0.700029
0.317317        0.700028
0.318318        0.700026
0.319319        0.700025
0.32032         0.700023
0.321321        0.700022
0.322322        0.700021
0.323323        0.70002
0.324324        0.700018
0.325325        0.700017
0.326326        0.700016
0.327327        0.700015
0.328328        0.700015
0.329329        0.700014
0.33033         0.700013
0.331331        0.700012
0.332332        0.700011
0.333333        0.700011
0.334334        0.70001
0.335335        0.70001
0.336336        0.700009
0.337337        0.700008
0.338338        0.700008
0.339339        0.700007
0.34034         0.700007
0.341341        0.700007
0.342342        0.700006
0.343343        0.700006
0.344344        0.700005
0.345345        0.700005
0.346346        0.700005
0.347347        0.700005
0.348348        0.700004
0.349349        0.700004
0.35035         0.700004
0.351351        0.700003
0.352352        0.700003
0.353353        0.700003
0.354354        0.700003
0.355355        0.700003
0.356356        0.700003
0.357357        0.700002
0.358358        0.700002
0.359359        0.700002
0.36036         0.700002
0.361361        0.700002
0.362362        0.700002
0.363363        0.700002
0.364364        0.700001
0.365365        0.700001
0.366366        0.700001
0.367367        0.700001
0.368368        0.700001
0.369369        0.700001
0.37037         0.700001
0.371371        0.700001
0.372372        0.700001
0.373373        0.700001
0.374374        0.700001
0.375375        0.700001
0.376376        0.700001
0.377377        0.700001
0.378378        0.700001
0.379379        0.700001
0.38038         0.7
0.381381        0.7
0.382382        0.7
0.383383        0.7
0.384384        0.7
0.385385        0.7
0.386386        0.7
0.387387        0.7
0.388388        0.7
0.389389        0.7
0.39039         0.7
0.391391        0.7
0.392392        0.7
0.393393        0.7
0.394394        0.7
0.395395        0.7
0.396396        0.7
0.397397        0.7
0.398398        0.7
0.399399        0.7
0.4004          0.7
0.401401        0.7
0.402402        0.7
0.403403        0.7
0.404404        0.7
0.405405        0.7
0.406406        0.7
0.407407        0.7
0.408408        0.7
0.409409        0.7
0.41041         0.7
0.411411        0.7
0.412412        0.7
0.413413        0.7
0.414414        0.7
0.415415        0.7
0.416416        0.7
0.417417        0.7
0.418418        0.7
0.419419        0.7
0.42042         0.7
0.421421        0.7
0.422422        0.7
0.423423        0.7
0.424424        0.7
0.425425        0.7
0.426426        0.7
0.427427        0.7
0.428428        0.7
0.429429        0.7
0.43043         0.7
0.431431        0.7
0.432432        0.7
0.433433        0.7
0.434434        0.7
0.435435        0.7
0.436436        0.7
0.437437        0.7
0.438438        0.7
0.439439        0.7
0.44044         0.7
0.441441        0.7
0.442442        0.7
0.443443        0.7
0.444444        0.7
0.445445        0.7
0.446446        0.7
0.447447        0.7
0.448448        0.7
0.449449        0.7
0.45045         0.7
0.451451        0.7
0.452452        0.7
0.453453        0.7
0.454454        0.7
0.455455        0.7
0.456456        0.7
0.457457        0.7
0.458458        0.7
0.459459        0.7
0.46046         0.7
0.461461        0.7
0.462462        0.7
0.463463        0.7
0.464464        0.7
0.465465        0.7
0.466466        0.7
0.467467        0.7
0.468468        0.7
0.469469        0.7
0.47047         0.7
0.471471        0.7
0.472472        0.7
0.473473        0.7
0.474474        0.7
0.475475        0.7
0.476476        0.7
0.477477        0.7
0.478478        0.7
0.479479        0.7
0.48048         0.7
0.481481        0.7
0.482482        0.7
0.483483        0.7
0.484484        0.7
0.485485        0.7
0.486486        0.7
0.487487        0.7
0.488488        0.7
0.489489        0.7
0.49049         0.7
0.491491        0.7
0.492492        0.7
0.493493        0.7
0.494494        0.7
0.495495        0.7
0.496496        0.7
0.497497        0.7
0.498498        0.7
0.499499        0.7
0.500501        0.7
0.501502        0.7
0.502503        0.7
0.503504        0.7
0.504505        0.7
0.505506        0.7
0.506507        0.7
0.507508        0.7
0.508509        0.7
0.50951         0.7
0.510511        0.7
0.511512        0.7
0.512513        0.7
0.513514        0.7
0.514515        0.7
0.515516        0.7
0.516517        0.7
0.517518        0.7
0.518519        0.7
0.51952         0.7
0.520521        0.7
0.521522        0.7
0.522523        0.7
0.523524        0.7
0.524525        0.7
0.525526        0.7
0.526527        0.7
0.527528        0.7
0.528529        0.7
0.52953         0.7
0.530531        0.7
0.531532        0.7
0.532533        0.7
0.533534        0.7
0.534535        0.7
0.535536        0.7
0.536537        0.7
0.537538        0.7
0.538539        0.7
0.53954         0.7
0.540541        0.7
0.541542        0.7
0.542543        0.7
0.543544        0.7
0.544545        0.7
0.545546        0.7
0.546547        0.7
0.547548        0.7
0.548549        0.7
0.54955         0.7
0.550551        0.7
0.551552        0.7
0.552553        0.7
0.553554        0.7
0.554555        0.7
0.555556        0.7
0.556557        0.7
0.557558        0.7
0.558559        0.7
0.55956         0.7
0.560561        0.7
0.561562        0.7
0.562563        0.7
0.563564        0.7
0.564565        0.7
0.565566        0.7
0.566567        0.7
0.567568        0.7
0.568569        0.7
0.56957         0.7
0.570571        0.7
0.571572        0.7
0.572573        0.7
0.573574        0.7
0.574575        0.7
0.575576        0.7
0.576577        0.7
0.577578        0.7
0.578579        0.7
0.57958         0.7
0.580581        0.7
0.581582        0.7
0.582583        0.7
0.583584        0.7
0.584585        0.7
0.585586        0.7
0.586587        0.7
0.587588        0.7
0.588589        0.7
0.58959         0.7
0.590591        0.7
0.591592        0.7
0.592593        0.7
0.593594        0.7
0.594595        0.7
0.595596        0.7
0.596597        0.7
0.597598        0.7
0.598599        0.7
0.5996          0.7
0.600601        0.7
0.601602        0.7
0.602603        0.7
0.603604        0.7
0.604605        0.7
0.605606        0.7
0.606607        0.7
0.607608        0.7
0.608609        0.7
0.60961         0.7
0.610611        0.7
0.611612        0.7
0.612613        0.7
0.613614        0.7
0.614615        0.7
0.615616        0.7
0.616617        0.7
0.617618        0.7
0.618619        0.7
0.61962         0.7
0.620621        0.7
0.621622        0.7
0.622623        0.7
0.623624        0.7
0.624625        0.7
0.625626        0.7
0.626627        0.7
0.627628        0.7
0.628629        0.7
0.62963         0.7
0.630631        0.7
0.631632        0.7
0.632633        0.7
0.633634        0.7
0.634635        0.7
0.635636        0.7
0.636637        0.7
0.637638        0.7
0.638639        0.7
0.63964         0.7
0.640641        0.7
0.641642        0.7
0.642643        0.7
0.643644        0.7
0.644645        0.7
0.645646        0.7
0.646647        0.7
0.647648        0.7
0.648649        0.7
0.64965         0.7
0.650651        0.7
0.651652        0.7
0.652653        0.7
0.653654        0.7
0.654655        0.7
0.655656        0.7
0.656657        0.7
0.657658        0.7
0.658659        0.7
0.65966         0.700001
0.660661        0.700001
0.661662        0.700001
0.662663        0.700001
0.663664        0.700001
0.664665        0.700001
0.665666        0.700001
0.666667        0.700001
0.667668        0.700001
0.668669        0.700001
0.66967         0.700001
0.670671        0.700001
0.671672        0.700001
0.672673        0.700001
0.673674        0.700001
0.674675        0.700001
0.675676        0.700002
0.676677        0.700002
0.677678        0.700002
0.678679        0.700002
0.67968         0.700002
0.680681        0.700002
0.681682        0.700002
0.682683        0.700002
0.683684        0.700003
0.684685        0.700003
0.685686        0.700003
0.686687        0.700003
0.687688        0.700003
0.688689        0.700004
0.68969         0.700004
0.690691        0.700004
0.691692        0.700004
0.692693        0.700005
0.693694        0.700005
0.694695        0.700005
0.695696        0.700006
0.696697        0.700006
0.697698        0.700006
0.698699        0.700007
0.6997          0.700007
0.700701        0.700008
0.701702        0.700008
0.702703        0.700009
0.703704        0.700009
0.704705        0.70001
0.705706        0.700011
0.706707        0.700011
0.707708        0.700012
0.708709        0.700013
0.70971         0.700013
0.710711        0.700014
0.711712        0.700015
0.712713        0.700016
0.713714        0.700017
0.714715        0.700018
0.715716        0.700019
0.716717        0.70002
0.717718        0.700022
0.718719        0.700023
0.71972         0.700024
0.720721        0.700026
0.721722        0.700027
0.722723        0.700029
0.723724        0.700031
0.724725        0.700032
0.725726        0.700034
0.726727        0.700036
0.727728        0.700038
0.728729        0.700041
0.72973         0.700043
0.730731        0.700046
0.731732        0.700048
0.732733        0.700051
0.733734        0.700054
0.734735        0.700057
0.735736        0.70006
0.736737        0.700064
0.737738        0.700067
0.738739        0.700071
0.73974         0.700075
0.740741        0.700079
0.741742        0.700084
0.742743        0.700089
0.743744        0.700094
0.744745        0.700099
0.745746        0.700105
0.746747        0.700111
0.747748        0.700119
0.748749        0.700131
0.74975         0.70015
0.750751        0.700189
0.751752        0.700277
0.752753        0.700487
0.753754        0.701002
0.754755        0.702267
0.755756        0.705338
0.756757        0.712496
0.757758        0.727696
0.758759        0.754609
0.75976         0.789881
0.760761        0.819833
0.761762        0.832792
0.762763        0.831414
0.763764        0.826019
0.764765        0.822941
0.765766        0.822611
0.766767        0.823243
0.767768        0.823566
0.768769        0.823356
0.76977         0.822904
0.770771        0.822473
0.771772        0.822139
0.772773        0.821861
0.773774        0.821587
0.774775        0.821296
0.775776        0.820992
0.776777        0.820685
0.777778        0.820381
0.778779        0.820078
0.77978         0.819777
0.780781        0.819474
0.781782        0.819171
0.782783        0.818868
0.783784        0.818564
0.784785        0.81826
0.785786        0.817956
0.786787        0.817651
0.787788        0.817346
0.788789        0.817041
0.78979         0.816736
0.790791        0.816431
0.791792        0.816125
0.792793        0.815819
0.793794        0.815513
0.794795        0.815206
0.795796        0.8149
0.796797        0.814593
0.797798        0.814286
0.798799        0.813978
0.7998          0.813671
0.800801        0.813363
0.801802        0.813055
0.802803        0.812747
0.803804        0.812439
0.804805        0.812131
0.805806        0.811822
0.806807        0.811513
0.807808        0.811204
0.808809        0.810895
0.80981         0.810586
0.810811        0.810276
0.811812        0.809967
0.812813        0.809657
0.813814        0.809347
0.814815        0.809037
0.815816        0.808727
0.816817        0.808417
0.817818        0.808106
0.818819        0.807796
0.81982         0.807485
0.820821        0.807174
0.821822        0.806863
0.822823        0.806552
0.823824        0.806241
0.824825        0.805929
0.825826        0.805618
0.826827        0.805306
0.827828        0.804994
0.828829        0.804683
0.82983         0.804371
0.830831        0.804059
0.831832        0.803747
0.832833        0.803434
0.833834        0.803122
0.834835        0.80281
0.835836        0.802497
0.836837        0.802185
0.837838        0.801872
0.838839        0.801559
0.83984         0.801246
0.840841        0.800933
0.841842        0.800621
0.842843        0.800307
0.843844        0.799994
0.844845        0.799681
0.845846        0.799368
0.846847        0.799055
0.847848        0.798741
0.848849        0.798428
0.84985         0.798114
0.850851        0.797801
0.851852        0.797487
0.852853        0.797174
0.853854        0.79686
0.854855        0.796546
0.855856        0.796233
0.856857        0.795919
0.857858        0.795605
0.858859        0.795291
0.85986         0.794977
0.860861        0.794663
0.861862        0.794349
0.862863        0.794035
0.863864        0.793721
0.864865        0.793407
0.865866        0.793093
0.866867        0.792779
0.867868        0.792465
0.868869        0.792151
0.86987         0.791837
0.870871        0.791523
0.871872        0.791208
0.872873        0.790894
0.873874        0.79058
0.874875        0.790266
0.875876        0.789952
0.876877        0.789638
0.877878        0.789323
0.878879        0.789009
0.87988         0.788695
0.880881        0.788381
0.881882        0.788067
0.882883        0.787753
0.883884        0.787439
0.884885        0.787125
0.885886        0.78681
0.886887        0.786496
0.887888        0.786182
0.888889        0.785868
0.88989         0.785554
0.890891        0.78524
0.891892        0.784926
0.892893        0.784613
0.893894        0.784299
0.894895        0.783985
0.895896        0.783671
0.896897        0.783357
0.897898        0.783044
0.898899        0.78273
0.8999          0.782416
0.900901        0.782103
0.901902        0.781789
0.902903        0.781476
0.903904        0.781162
0.904905        0.780849
0.905906        0.780535
0.906907        0.780222
0.907908        0.779909
0.908909        0.779596
0.90991         0.779283
0.910911        0.778969
0.911912        0.778656
0.912913        0.778344
0.913914        0.778031
0.914915        0.777718
0.915916        0.777405
0.916917        0.777093
0.917918        0.77678
0.918919        0.776468
0.91992         0.776155
0.920921        0.775843
0.921922        0.775531
0.922923        0.775218
0.923924        0.774906
0.924925        0.774594
0.925926        0.774283
0.926927        0.773971
0.927928        0.773659
0.928929        0.773347
0.92993         0.773036
0.930931        0.772725
0.931932        0.772413
0.932933        0.772102
0.933934        0.771791
0.934935        0.77148
0.935936        0.771169
0.936937        0.770858
0.937938        0.770548
0.938939        0.770237
0.93994         0.769927
0.940941        0.769617
0.941942        0.769306
0.942943        0.768996
0.943944        0.768686
0.944945        0.768377
0.945946        0.768067
0.946947        0.767758
0.947948        0.767448
0.948949        0.767139
0.94995         0.76683
0.950951        0.766521
0.951952        0.766212
0.952953        0.765903
0.953954        0.765595
0.954955        0.765286
0.955956        0.764978
0.956957        0.76467
0.957958        0.764362
0.958959        0.764054
0.95996         0.763747
0.960961        0.763439
0.961962        0.763132
0.962963        0.762825
0.963964        0.762518
0.964965        0.762211
0.965966        0.761904
0.966967        0.761598
0.967968        0.761292
0.968969        0.760986
0.96997         0.76068
0.970971        0.760374
0.971972        0.760068
0.972973        0.759763
0.973974        0.759458
0.974975        0.759153
0.975976        0.758848
0.976977        0.758544
0.977978        0.758239
0.978979        0.757935
0.97998         0.757631
0.980981        0.757327
0.981982        0.757024
0.982983        0.75672
0.983984        0.756417
0.984985        0.756114
0.985986        0.755812
0.986987        0.755509
0.987988        0.755207
0.988989        0.754905
0.98999         0.754603
0.990991        0.754302
0.991992        0.754
0.992993        0.753699
0.993994        0.753399
0.994995        0.753098
0.995996        0.752798
0.996997        0.752498
0.997998        0.752198
0.998999        0.751898
1               0.751599
