#====================================================
#t = 0.4     rho_bar = 0.7     Viscosity = 0.16
#====================================================
#x              rho
#====================================================
0               0.700002
0.001001        0.700002
0.002002        0.700002
0.003003        0.700002
0.004004        0.700002
0.00500501      0.700002
0.00600601      0.700002
0.00700701      0.700003
0.00800801      0.700003
0.00900901      0.700003
0.01001         0.700003
0.011011        0.700003
0.012012        0.700004
0.013013        0.700004
0.014014        0.700004
0.015015        0.700004
0.016016        0.700005
0.017017        0.700005
0.018018        0.700005
0.019019        0.700006
0.02002         0.700006
0.021021        0.700006
0.022022        0.700007
0.023023        0.700007
0.024024        0.700008
0.025025        0.700008
0.026026        0.700009
0.027027        0.700009
0.028028        0.70001
0.029029        0.70001
0.03003         0.700011
0.031031        0.700012
0.032032        0.700013
0.033033        0.700013
0.034034        0.700014
0.035035        0.700015
0.036036        0.700016
0.037037        0.700017
0.038038        0.700018
0.039039        0.700019
0.04004         0.70002
0.041041        0.700022
0.042042        0.700023
0.043043        0.700024
0.044044        0.700026
0.045045        0.700027
0.046046        0.700029
0.047047        0.700031
0.048048        0.700033
0.049049        0.700034
0.0500501       0.700037
0.0510511       0.700039
0.0520521       0.700041
0.0530531       0.700043
0.0540541       0.700046
0.0550551       0.700049
0.0560561       0.700051
0.0570571       0.700054
0.0580581       0.700057
0.0590591       0.700061
0.0600601       0.700064
0.0610611       0.700068
0.0620621       0.700072
0.0630631       0.700076
0.0640641       0.70008
0.0650651       0.700085
0.0660661       0.700089
0.0670671       0.700094
0.0680681       0.7001
0.0690691       0.700105
0.0700701       0.700111
0.0710711       0.700117
0.0720721       0.700124
0.0730731       0.70013
0.0740741       0.700137
0.0750751       0.700145
0.0760761       0.700153
0.0770771       0.700161
0.0780781       0.70017
0.0790791       0.700179
0.0800801       0.700188
0.0810811       0.700198
0.0820821       0.700209
0.0830831       0.70022
0.0840841       0.700231
0.0850851       0.700243
0.0860861       0.700256
0.0870871       0.700269
0.0880881       0.700283
0.0890891       0.700298
0.0900901       0.700313
0.0910911       0.700329
0.0920921       0.700346
0.0930931       0.700364
0.0940941       0.700382
0.0950951       0.700402
0.0960961       0.700422
0.0970971       0.700443
0.0980981       0.700465
0.0990991       0.700488
0.1001          0.700513
0.101101        0.700538
0.102102        0.700565
0.103103        0.700592
0.104104        0.700621
0.105105        0.700652
0.106106        0.700684
0.107107        0.700717
0.108108        0.700751
0.109109        0.700788
0.11011         0.700825
0.111111        0.700865
0.112112        0.700906
0.113113        0.700949
0.114114        0.700995
0.115115        0.701042
0.116116        0.701091
0.117117        0.701142
0.118118        0.701196
0.119119        0.701252
0.12012         0.70131
0.121121        0.701371
0.122122        0.701434
0.123123        0.701501
0.124124        0.70157
0.125125        0.701642
0.126126        0.701717
0.127127        0.701796
0.128128        0.701878
0.129129        0.701963
0.13013         0.702052
0.131131        0.702145
0.132132        0.702243
0.133133        0.702344
0.134134        0.702449
0.135135        0.702559
0.136136        0.702674
0.137137        0.702794
0.138138        0.702919
0.139139        0.703049
0.14014         0.703185
0.141141        0.703327
0.142142        0.703475
0.143143        0.703629
0.144144        0.70379
0.145145        0.703958
0.146146        0.704134
0.147147        0.704317
0.148148        0.704508
0.149149        0.704708
0.15015         0.704916
0.151151        0.705134
0.152152        0.705361
0.153153        0.705599
0.154154        0.705847
0.155155        0.706107
0.156156        0.706378
0.157157        0.706662
0.158158        0.706959
0.159159        0.70727
0.16016         0.707596
0.161161        0.707938
0.162162        0.708296
0.163163        0.708671
0.164164        0.709065
0.165165        0.709479
0.166166        0.709914
0.167167        0.710371
0.168168        0.710852
0.169169        0.711359
0.17017         0.711894
0.171171        0.712458
0.172172        0.713055
0.173173        0.713686
0.174174        0.714355
0.175175        0.715065
0.176176        0.715821
0.177177        0.716626
0.178178        0.717487
0.179179        0.718409
0.18018         0.7194
0.181181        0.72047
0.182182        0.72163
0.183183        0.722895
0.184184        0.724283
0.185185        0.725821
0.186186        0.727542
0.187187        0.729497
0.188188        0.731756
0.189189        0.734422
0.19019         0.737647
0.191191        0.741648
0.192192        0.746725
0.193193        0.753244
0.194194        0.761565
0.195195        0.771861
0.196196        0.783849
0.197197        0.7966
0.198198        0.808701
0.199199        0.818831
0.2002          0.826364
0.201201        0.831508
0.202202        0.834944
0.203203        0.837366
0.204204        0.839232
0.205205        0.840774
0.206206        0.842083
0.207207        0.8432
0.208208        0.844154
0.209209        0.844968
0.21021         0.845665
0.211211        0.846261
0.212212        0.846769
0.213213        0.847201
0.214214        0.847566
0.215215        0.84787
0.216216        0.848119
0.217217        0.848319
0.218218        0.848474
0.219219        0.848588
0.22022         0.848664
0.221221        0.848706
0.222222        0.848715
0.223223        0.848695
0.224224        0.848646
0.225225        0.848572
0.226226        0.848473
0.227227        0.848352
0.228228        0.848209
0.229229        0.848046
0.23023         0.847863
0.231231        0.847663
0.232232        0.847446
0.233233        0.847213
0.234234        0.846964
0.235235        0.8467
0.236236        0.846423
0.237237        0.846132
0.238238        0.845829
0.239239        0.845514
0.24024         0.845187
0.241241        0.844849
0.242242        0.8445
0.243243        0.844142
0.244244        0.843773
0.245245        0.843395
0.246246        0.843008
0.247247        0.842613
0.248248        0.842209
0.249249        0.841797
0.25025         0.841378
0.251251        0.840951
0.252252        0.840517
0.253253        0.840076
0.254254        0.839628
0.255255        0.839174
0.256256        0.838714
0.257257        0.838248
0.258258        0.837776
0.259259        0.837298
0.26026         0.836815
0.261261        0.836326
0.262262        0.835833
0.263263        0.835335
0.264264        0.834831
0.265265        0.834324
0.266266        0.833811
0.267267        0.833295
0.268268        0.832774
0.269269        0.832249
0.27027         0.83172
0.271271        0.831187
0.272272        0.830651
0.273273        0.830111
0.274274        0.829568
0.275275        0.829021
0.276276        0.828471
0.277277        0.827917
0.278278        0.827361
0.279279        0.826801
0.28028         0.826239
0.281281        0.825674
0.282282        0.825106
0.283283        0.824535
0.284284        0.823962
0.285285        0.823387
0.286286        0.822808
0.287287        0.822228
0.288288        0.821645
0.289289        0.82106
0.29029         0.820473
0.291291        0.819884
0.292292        0.819293
0.293293        0.8187
0.294294        0.818105
0.295295        0.817508
0.296296        0.816909
0.297297        0.816309
0.298298        0.815707
0.299299        0.815103
0.3003          0.814498
0.301301        0.813891
0.302302        0.813283
0.303303        0.812674
0.304304        0.812063
0.305305        0.811451
0.306306        0.810837
0.307307        0.810222
0.308308        0.809607
0.309309        0.80899
0.31031         0.808372
0.311311        0.807753
0.312312        0.807133
0.313313        0.806512
0.314314        0.80589
0.315315        0.805267
0.316316        0.804644
0.317317        0.804019
0.318318        0.803394
0.319319        0.802769
0.32032         0.802142
0.321321        0.801515
0.322322        0.800888
0.323323        0.800259
0.324324        0.799631
0.325325        0.799002
0.326326        0.798372
0.327327        0.797742
0.328328        0.797111
0.329329        0.796481
0.33033         0.79585
0.331331        0.795218
0.332332        0.794587
0.333333        0.793955
0.334334        0.793323
0.335335        0.792691
0.336336        0.792058
0.337337        0.791426
0.338338        0.790794
0.339339        0.790161
0.34034         0.789529
0.341341        0.788896
0.342342        0.788264
0.343343        0.787632
0.344344        0.787
0.345345        0.786368
0.346346        0.785736
0.347347        0.785105
0.348348        0.784474
0.349349        0.783843
0.35035         0.783212
0.351351        0.782582
0.352352        0.781952
0.353353        0.781322
0.354354        0.780693
0.355355        0.780064
0.356356        0.779436
0.357357        0.778808
0.358358        0.778181
0.359359        0.777555
0.36036         0.776929
0.361361        0.776303
0.362362        0.775678
0.363363        0.775054
0.364364        0.774431
0.365365        0.773808
0.366366        0.773187
0.367367        0.772566
0.368368        0.771945
0.369369        0.771326
0.37037         0.770707
0.371371        0.77009
0.372372        0.769473
0.373373        0.768857
0.374374        0.768243
0.375375        0.767629
0.376376        0.767016
0.377377        0.766405
0.378378        0.765794
0.379379        0.765185
0.38038         0.764577
0.381381        0.76397
0.382382        0.763364
0.383383        0.762759
0.384384        0.762156
0.385385        0.761554
0.386386        0.760953
0.387387        0.760354
0.388388        0.759756
0.389389        0.75916
0.39039         0.758565
0.391391        0.757971
0.392392        0.757379
0.393393        0.756789
0.394394        0.7562
0.395395        0.755612
0.396396        0.755027
0.397397        0.754443
0.398398        0.75386
0.399399        0.753279
0.4004          0.752701
0.401401        0.752123
0.402402        0.751548
0.403403        0.750975
0.404404        0.750403
0.405405        0.749833
0.406406        0.749265
0.407407        0.7487
0.408408        0.748136
0.409409        0.747574
0.41041         0.747014
0.411411        0.746457
0.412412        0.745901
0.413413        0.745348
0.414414        0.744796
0.415415        0.744248
0.416416        0.743701
0.417417        0.743156
0.418418        0.742614
0.419419        0.742075
0.42042         0.741537
0.421421        0.741002
0.422422        0.74047
0.423423        0.73994
0.424424        0.739412
0.425425        0.738887
0.426426        0.738365
0.427427        0.737845
0.428428        0.737328
0.429429        0.736814
0.43043         0.736302
0.431431        0.735793
0.432432        0.735287
0.433433        0.734783
0.434434        0.734283
0.435435        0.733785
0.436436        0.733291
0.437437        0.732799
0.438438        0.73231
0.439439        0.731825
0.44044         0.731342
0.441441        0.730863
0.442442        0.730386
0.443443        0.729913
0.444444        0.729443
0.445445        0.728976
0.446446        0.728513
0.447447        0.728053
0.448448        0.727596
0.449449        0.727142
0.45045         0.726692
0.451451        0.726246
0.452452        0.725802
0.453453        0.725363
0.454454        0.724927
0.455455        0.724494
0.456456        0.724065
0.457457        0.72364
0.458458        0.723218
0.459459        0.7228
0.46046         0.722386
0.461461        0.721976
0.462462        0.721569
0.463463        0.721166
0.464464        0.720767
0.465465        0.720372
0.466466        0.719981
0.467467        0.719594
0.468468        0.71921
0.469469        0.718831
0.47047         0.718456
0.471471        0.718085
0.472472        0.717717
0.473473        0.717354
0.474474        0.716995
0.475475        0.716641
0.476476        0.71629
0.477477        0.715943
0.478478        0.715601
0.479479        0.715263
0.48048         0.714929
0.481481        0.7146
0.482482        0.714274
0.483483        0.713953
0.484484        0.713636
0.485485        0.713324
0.486486        0.713016
0.487487        0.712712
0.488488        0.712412
0.489489        0.712117
0.49049         0.711827
0.491491        0.71154
0.492492        0.711258
0.493493        0.71098
0.494494        0.710707
0.495495        0.710438
0.496496        0.710173
0.497497        0.709913
0.498498        0.709657
0.499499        0.709406
0.500501        0.709159
0.501502        0.708916
0.502503        0.708677
0.503504        0.708443
0.504505        0.708213
0.505506        0.707987
0.506507        0.707766
0.507508        0.707549
0.508509        0.707336
0.50951         0.707127
0.510511        0.706923
0.511512        0.706722
0.512513        0.706526
0.513514        0.706334
0.514515        0.706146
0.515516        0.705962
0.516517        0.705782
0.517518        0.705606
0.518519        0.705434
0.51952         0.705266
0.520521        0.705101
0.521522        0.704941
0.522523        0.704784
0.523524        0.704631
0.524525        0.704482
0.525526        0.704336
0.526527        0.704194
0.527528        0.704056
0.528529        0.703921
0.52953         0.70379
0.530531        0.703662
0.531532        0.703538
0.532533        0.703416
0.533534        0.703298
0.534535        0.703184
0.535536        0.703072
0.536537        0.702964
0.537538        0.702859
0.538539        0.702756
0.53954         0.702657
0.540541        0.702561
0.541542        0.702467
0.542543        0.702376
0.543544        0.702288
0.544545        0.702203
0.545546        0.70212
0.546547        0.70204
0.547548        0.701963
0.548549        0.701887
0.54955         0.701815
0.550551        0.701744
0.551552        0.701676
0.552553        0.70161
0.553554        0.701547
0.554555        0.701485
0.555556        0.701426
0.556557        0.701369
0.557558        0.701313
0.558559        0.70126
0.55956         0.701208
0.560561        0.701158
0.561562        0.70111
0.562563        0.701064
0.563564        0.70102
0.564565        0.700977
0.565566        0.700935
0.566567        0.700895
0.567568        0.700857
0.568569        0.70082
0.56957         0.700785
0.570571        0.700751
0.571572        0.700718
0.572573        0.700686
0.573574        0.700656
0.574575        0.700627
0.575576        0.700599
0.576577        0.700572
0.577578        0.700546
0.578579        0.700521
0.57958         0.700498
0.580581        0.700475
0.581582        0.700453
0.582583        0.700432
0.583584        0.700412
0.584585        0.700393
0.585586        0.700375
0.586587        0.700357
0.587588        0.70034
0.588589        0.700324
0.58959         0.700309
0.590591        0.700294
0.591592        0.70028
0.592593        0.700266
0.593594        0.700253
0.594595        0.700241
0.595596        0.700229
0.596597        0.700218
0.597598        0.700207
0.598599        0.700197
0.5996          0.700187
0.600601        0.700178
0.601602        0.700169
0.602603        0.70016
0.603604        0.700152
0.604605        0.700145
0.605606        0.700137
0.606607        0.70013
0.607608        0.700123
0.608609        0.700117
0.60961         0.700111
0.610611        0.700105
0.611612        0.7001
0.612613        0.700095
0.613614        0.70009
0.614615        0.700085
0.615616        0.70008
0.616617        0.700076
0.617618        0.700072
0.618619        0.700068
0.61962         0.700065
0.620621        0.700061
0.621622        0.700058
0.622623        0.700055
0.623624        0.700052
0.624625        0.700049
0.625626        0.700046
0.626627        0.700044
0.627628        0.700041
0.628629        0.700039
0.62963         0.700037
0.630631        0.700035
0.631632        0.700033
0.632633        0.700031
0.633634        0.700029
0.634635        0.700028
0.635636        0.700026
0.636637        0.700024
0.637638        0.700023
0.638639        0.700022
0.63964         0.70002
0.640641        0.700019
0.641642        0.700018
0.642643        0.700017
0.643644        0.700016
0.644645        0.700015
0.645646        0.700014
0.646647        0.700013
0.647648        0.700013
0.648649        0.700012
0.64965         0.700011
0.650651        0.700011
0.651652        0.70001
0.652653        0.700009
0.653654        0.700009
0.654655        0.700008
0.655656        0.700008
0.656657        0.700007
0.657658        0.700007
0.658659        0.700006
0.65966         0.700006
0.660661        0.700006
0.661662        0.700005
0.662663        0.700005
0.663664        0.700005
0.664665        0.700004
0.665666        0.700004
0.666667        0.700004
0.667668        0.700004
0.668669        0.700003
0.66967         0.700003
0.670671        0.700003
0.671672        0.700003
0.672673        0.700003
0.673674        0.700002
0.674675        0.700002
0.675676        0.700002
0.676677        0.700002
0.677678        0.700002
0.678679        0.700002
0.67968         0.700002
0.680681        0.700002
0.681682        0.700001
0.682683        0.700001
0.683684        0.700001
0.684685        0.700001
0.685686        0.700001
0.686687        0.700001
0.687688        0.700001
0.688689        0.700001
0.68969         0.700001
0.690691        0.700001
0.691692        0.700001
0.692693        0.700001
0.693694        0.700001
0.694695        0.700001
0.695696        0.700001
0.696697        0.700001
0.697698        0.7
0.698699        0.7
0.6997          0.7
0.700701        0.7
0.701702        0.7
0.702703        0.7
0.703704        0.7
0.704705        0.7
0.705706        0.7
0.706707        0.7
0.707708        0.7
0.708709        0.7
0.70971         0.7
0.710711        0.7
0.711712        0.7
0.712713        0.7
0.713714        0.7
0.714715        0.7
0.715716        0.7
0.716717        0.7
0.717718        0.7
0.718719        0.7
0.71972         0.7
0.720721        0.7
0.721722        0.7
0.722723        0.7
0.723724        0.7
0.724725        0.7
0.725726        0.7
0.726727        0.7
0.727728        0.7
0.728729        0.7
0.72973         0.7
0.730731        0.7
0.731732        0.7
0.732733        0.7
0.733734        0.7
0.734735        0.7
0.735736        0.7
0.736737        0.7
0.737738        0.7
0.738739        0.7
0.73974         0.7
0.740741        0.7
0.741742        0.7
0.742743        0.7
0.743744        0.7
0.744745        0.7
0.745746        0.7
0.746747        0.7
0.747748        0.7
0.748749        0.7
0.74975         0.7
0.750751        0.7
0.751752        0.7
0.752753        0.7
0.753754        0.7
0.754755        0.7
0.755756        0.7
0.756757        0.7
0.757758        0.7
0.758759        0.7
0.75976         0.7
0.760761        0.7
0.761762        0.7
0.762763        0.7
0.763764        0.7
0.764765        0.7
0.765766        0.7
0.766767        0.7
0.767768        0.7
0.768769        0.7
0.76977         0.7
0.770771        0.7
0.771772        0.7
0.772773        0.7
0.773774        0.7
0.774775        0.7
0.775776        0.7
0.776777        0.7
0.777778        0.7
0.778779        0.7
0.77978         0.7
0.780781        0.7
0.781782        0.7
0.782783        0.7
0.783784        0.7
0.784785        0.7
0.785786        0.7
0.786787        0.7
0.787788        0.7
0.788789        0.7
0.78979         0.7
0.790791        0.7
0.791792        0.7
0.792793        0.7
0.793794        0.7
0.794795        0.7
0.795796        0.7
0.796797        0.7
0.797798        0.7
0.798799        0.7
0.7998          0.7
0.800801        0.7
0.801802        0.7
0.802803        0.7
0.803804        0.7
0.804805        0.7
0.805806        0.7
0.806807        0.7
0.807808        0.7
0.808809        0.7
0.80981         0.7
0.810811        0.7
0.811812        0.7
0.812813        0.7
0.813814        0.7
0.814815        0.7
0.815816        0.7
0.816817        0.7
0.817818        0.7
0.818819        0.7
0.81982         0.7
0.820821        0.7
0.821822        0.7
0.822823        0.7
0.823824        0.7
0.824825        0.7
0.825826        0.7
0.826827        0.7
0.827828        0.7
0.828829        0.7
0.82983         0.7
0.830831        0.7
0.831832        0.7
0.832833        0.7
0.833834        0.7
0.834835        0.7
0.835836        0.7
0.836837        0.7
0.837838        0.7
0.838839        0.7
0.83984         0.7
0.840841        0.7
0.841842        0.7
0.842843        0.7
0.843844        0.7
0.844845        0.7
0.845846        0.7
0.846847        0.7
0.847848        0.7
0.848849        0.7
0.84985         0.7
0.850851        0.7
0.851852        0.7
0.852853        0.7
0.853854        0.7
0.854855        0.7
0.855856        0.7
0.856857        0.7
0.857858        0.7
0.858859        0.7
0.85986         0.7
0.860861        0.7
0.861862        0.7
0.862863        0.7
0.863864        0.7
0.864865        0.7
0.865866        0.7
0.866867        0.7
0.867868        0.7
0.868869        0.7
0.86987         0.7
0.870871        0.7
0.871872        0.7
0.872873        0.7
0.873874        0.7
0.874875        0.7
0.875876        0.7
0.876877        0.7
0.877878        0.7
0.878879        0.7
0.87988         0.7
0.880881        0.7
0.881882        0.7
0.882883        0.7
0.883884        0.7
0.884885        0.7
0.885886        0.7
0.886887        0.7
0.887888        0.7
0.888889        0.7
0.88989         0.7
0.890891        0.7
0.891892        0.7
0.892893        0.7
0.893894        0.7
0.894895        0.7
0.895896        0.7
0.896897        0.7
0.897898        0.7
0.898899        0.7
0.8999          0.7
0.900901        0.7
0.901902        0.7
0.902903        0.7
0.903904        0.7
0.904905        0.7
0.905906        0.7
0.906907        0.7
0.907908        0.7
0.908909        0.7
0.90991         0.7
0.910911        0.7
0.911912        0.7
0.912913        0.7
0.913914        0.7
0.914915        0.7
0.915916        0.7
0.916917        0.7
0.917918        0.7
0.918919        0.7
0.91992         0.7
0.920921        0.7
0.921922        0.7
0.922923        0.7
0.923924        0.7
0.924925        0.7
0.925926        0.7
0.926927        0.7
0.927928        0.7
0.928929        0.7
0.92993         0.7
0.930931        0.7
0.931932        0.7
0.932933        0.7
0.933934        0.7
0.934935        0.7
0.935936        0.7
0.936937        0.7
0.937938        0.7
0.938939        0.7
0.93994         0.7
0.940941        0.7
0.941942        0.7
0.942943        0.7
0.943944        0.7
0.944945        0.7
0.945946        0.7
0.946947        0.7
0.947948        0.7
0.948949        0.7
0.94995         0.7
0.950951        0.7
0.951952        0.7
0.952953        0.7
0.953954        0.7
0.954955        0.7
0.955956        0.7
0.956957        0.7
0.957958        0.7
0.958959        0.7
0.95996         0.7
0.960961        0.7
0.961962        0.7
0.962963        0.7
0.963964        0.7
0.964965        0.7
0.965966        0.7
0.966967        0.7
0.967968        0.7
0.968969        0.7
0.96997         0.7
0.970971        0.7
0.971972        0.7
0.972973        0.7
0.973974        0.7
0.974975        0.7
0.975976        0.7
0.976977        0.7
0.977978        0.7
0.978979        0.7
0.97998         0.7
0.980981        0.7
0.981982        0.7
0.982983        0.7
0.983984        0.700001
0.984985        0.700001
0.985986        0.700001
0.986987        0.700001
0.987988        0.700001
0.988989        0.700001
0.98999         0.700001
0.990991        0.700001
0.991992        0.700001
0.992993        0.700001
0.993994        0.700001
0.994995        0.700001
0.995996        0.700001
0.996997        0.700001
0.997998        0.700001
0.998999        0.700002
1               0.700002
