#====================================================
#t = 0.2     rho_bar = 0.7     Viscosity = 0.16
#====================================================
#x              rho
#====================================================
0               0.7
0.001001        0.7
0.002002        0.7
0.003003        0.7
0.004004        0.7
0.00500501      0.7
0.00600601      0.7
0.00700701      0.7
0.00800801      0.7
0.00900901      0.7
0.01001         0.7
0.011011        0.7
0.012012        0.7
0.013013        0.7
0.014014        0.7
0.015015        0.7
0.016016        0.7
0.017017        0.7
0.018018        0.7
0.019019        0.7
0.02002         0.7
0.021021        0.7
0.022022        0.7
0.023023        0.7
0.024024        0.7
0.025025        0.7
0.026026        0.7
0.027027        0.7
0.028028        0.7
0.029029        0.7
0.03003         0.7
0.031031        0.7
0.032032        0.7
0.033033        0.7
0.034034        0.7
0.035035        0.7
0.036036        0.7
0.037037        0.7
0.038038        0.7
0.039039        0.7
0.04004         0.7
0.041041        0.7
0.042042        0.7
0.043043        0.7
0.044044        0.7
0.045045        0.7
0.046046        0.7
0.047047        0.7
0.048048        0.7
0.049049        0.7
0.0500501       0.7
0.0510511       0.7
0.0520521       0.7
0.0530531       0.7
0.0540541       0.7
0.0550551       0.7
0.0560561       0.7
0.0570571       0.7
0.0580581       0.7
0.0590591       0.7
0.0600601       0.7
0.0610611       0.7
0.0620621       0.7
0.0630631       0.7
0.0640641       0.700001
0.0650651       0.700001
0.0660661       0.700001
0.0670671       0.700001
0.0680681       0.700001
0.0690691       0.700001
0.0700701       0.700001
0.0710711       0.700001
0.0720721       0.700001
0.0730731       0.700001
0.0740741       0.700001
0.0750751       0.700001
0.0760761       0.700001
0.0770771       0.700001
0.0780781       0.700001
0.0790791       0.700001
0.0800801       0.700002
0.0810811       0.700002
0.0820821       0.700002
0.0830831       0.700002
0.0840841       0.700002
0.0850851       0.700002
0.0860861       0.700002
0.0870871       0.700002
0.0880881       0.700003
0.0890891       0.700003
0.0900901       0.700003
0.0910911       0.700003
0.0920921       0.700003
0.0930931       0.700004
0.0940941       0.700004
0.0950951       0.700004
0.0960961       0.700004
0.0970971       0.700005
0.0980981       0.700005
0.0990991       0.700005
0.1001          0.700006
0.101101        0.700006
0.102102        0.700006
0.103103        0.700007
0.104104        0.700007
0.105105        0.700008
0.106106        0.700008
0.107107        0.700009
0.108108        0.700009
0.109109        0.70001
0.11011         0.700011
0.111111        0.700011
0.112112        0.700012
0.113113        0.700013
0.114114        0.700014
0.115115        0.700014
0.116116        0.700015
0.117117        0.700016
0.118118        0.700017
0.119119        0.700018
0.12012         0.70002
0.121121        0.700021
0.122122        0.700022
0.123123        0.700023
0.124124        0.700025
0.125125        0.700026
0.126126        0.700028
0.127127        0.70003
0.128128        0.700031
0.129129        0.700033
0.13013         0.700035
0.131131        0.700037
0.132132        0.700039
0.133133        0.700042
0.134134        0.700044
0.135135        0.700047
0.136136        0.70005
0.137137        0.700052
0.138138        0.700055
0.139139        0.700059
0.14014         0.700062
0.141141        0.700066
0.142142        0.700069
0.143143        0.700073
0.144144        0.700077
0.145145        0.700082
0.146146        0.700086
0.147147        0.700091
0.148148        0.700096
0.149149        0.700102
0.15015         0.700107
0.151151        0.700113
0.152152        0.700119
0.153153        0.700126
0.154154        0.700133
0.155155        0.70014
0.156156        0.700148
0.157157        0.700156
0.158158        0.700164
0.159159        0.700173
0.16016         0.700182
0.161161        0.700192
0.162162        0.700202
0.163163        0.700212
0.164164        0.700224
0.165165        0.700235
0.166166        0.700248
0.167167        0.700261
0.168168        0.700274
0.169169        0.700288
0.17017         0.700303
0.171171        0.700319
0.172172        0.700335
0.173173        0.700352
0.174174        0.70037
0.175175        0.700388
0.176176        0.700408
0.177177        0.700428
0.178178        0.700449
0.179179        0.700472
0.18018         0.700495
0.181181        0.700519
0.182182        0.700545
0.183183        0.700572
0.184184        0.700599
0.185185        0.700629
0.186186        0.700659
0.187187        0.700691
0.188188        0.700724
0.189189        0.700758
0.19019         0.700794
0.191191        0.700832
0.192192        0.700871
0.193193        0.700912
0.194194        0.700955
0.195195        0.701
0.196196        0.701046
0.197197        0.701094
0.198198        0.701145
0.199199        0.701198
0.2002          0.701252
0.201201        0.701309
0.202202        0.701369
0.203203        0.701431
0.204204        0.701495
0.205205        0.701563
0.206206        0.701632
0.207207        0.701705
0.208208        0.701781
0.209209        0.70186
0.21021         0.701942
0.211211        0.702027
0.212212        0.702116
0.213213        0.702208
0.214214        0.702304
0.215215        0.702403
0.216216        0.702507
0.217217        0.702614
0.218218        0.702726
0.219219        0.702843
0.22022         0.702963
0.221221        0.703089
0.222222        0.703219
0.223223        0.703354
0.224224        0.703495
0.225225        0.703641
0.226226        0.703792
0.227227        0.703949
0.228228        0.704113
0.229229        0.704282
0.23023         0.704458
0.231231        0.70464
0.232232        0.704829
0.233233        0.705026
0.234234        0.705229
0.235235        0.705441
0.236236        0.70566
0.237237        0.705887
0.238238        0.706123
0.239239        0.706367
0.24024         0.70662
0.241241        0.706883
0.242242        0.707155
0.243243        0.707438
0.244244        0.70773
0.245245        0.708034
0.246246        0.708348
0.247247        0.708674
0.248248        0.709012
0.249249        0.709362
0.25025         0.709725
0.251251        0.710101
0.252252        0.71049
0.253253        0.710894
0.254254        0.711312
0.255255        0.711746
0.256256        0.712195
0.257257        0.71266
0.258258        0.713143
0.259259        0.713642
0.26026         0.71416
0.261261        0.714696
0.262262        0.715252
0.263263        0.715829
0.264264        0.716425
0.265265        0.717044
0.266266        0.717685
0.267267        0.718349
0.268268        0.719038
0.269269        0.719751
0.27027         0.720491
0.271271        0.721257
0.272272        0.722052
0.273273        0.722875
0.274274        0.723728
0.275275        0.724613
0.276276        0.72553
0.277277        0.726481
0.278278        0.727466
0.279279        0.728488
0.28028         0.729547
0.281281        0.730645
0.282282        0.731784
0.283283        0.732964
0.284284        0.734187
0.285285        0.735455
0.286286        0.73677
0.287287        0.738132
0.288288        0.739543
0.289289        0.741006
0.29029         0.74252
0.291291        0.744089
0.292292        0.745713
0.293293        0.747393
0.294294        0.74913
0.295295        0.750927
0.296296        0.752783
0.297297        0.754698
0.298298        0.756674
0.299299        0.758711
0.3003          0.760807
0.301301        0.762961
0.302302        0.765173
0.303303        0.767441
0.304304        0.769761
0.305305        0.772131
0.306306        0.774546
0.307307        0.777003
0.308308        0.779495
0.309309        0.782017
0.31031         0.784562
0.311311        0.787122
0.312312        0.789692
0.313313        0.792261
0.314314        0.794824
0.315315        0.79737
0.316316        0.799892
0.317317        0.802383
0.318318        0.804835
0.319319        0.80724
0.32032         0.809593
0.321321        0.811887
0.322322        0.814118
0.323323        0.816281
0.324324        0.818373
0.325325        0.820392
0.326326        0.822334
0.327327        0.824198
0.328328        0.825984
0.329329        0.827691
0.33033         0.829319
0.331331        0.83087
0.332332        0.832343
0.333333        0.83374
0.334334        0.835062
0.335335        0.836311
0.336336        0.83749
0.337337        0.838598
0.338338        0.83964
0.339339        0.840616
0.34034         0.841528
0.341341        0.84238
0.342342        0.843172
0.343343        0.843906
0.344344        0.844586
0.345345        0.845212
0.346346        0.845786
0.347347        0.846311
0.348348        0.846788
0.349349        0.847219
0.35035         0.847605
0.351351        0.847948
0.352352        0.84825
0.353353        0.848513
0.354354        0.848736
0.355355        0.848923
0.356356        0.849074
0.357357        0.84919
0.358358        0.849274
0.359359        0.849325
0.36036         0.849345
0.361361        0.849335
0.362362        0.849297
0.363363        0.84923
0.364364        0.849137
0.365365        0.849018
0.366366        0.848873
0.367367        0.848705
0.368368        0.848513
0.369369        0.848298
0.37037         0.848061
0.371371        0.847803
0.372372        0.847525
0.373373        0.847226
0.374374        0.846909
0.375375        0.846572
0.376376        0.846218
0.377377        0.845846
0.378378        0.845457
0.379379        0.845052
0.38038         0.844631
0.381381        0.844195
0.382382        0.843744
0.383383        0.843278
0.384384        0.842798
0.385385        0.842305
0.386386        0.841798
0.387387        0.841279
0.388388        0.840748
0.389389        0.840204
0.39039         0.839649
0.391391        0.839082
0.392392        0.838504
0.393393        0.837916
0.394394        0.837318
0.395395        0.836709
0.396396        0.836091
0.397397        0.835463
0.398398        0.834827
0.399399        0.834181
0.4004          0.833527
0.401401        0.832865
0.402402        0.832194
0.403403        0.831516
0.404404        0.83083
0.405405        0.830137
0.406406        0.829437
0.407407        0.82873
0.408408        0.828016
0.409409        0.827296
0.41041         0.826569
0.411411        0.825837
0.412412        0.825099
0.413413        0.824355
0.414414        0.823605
0.415415        0.82285
0.416416        0.822091
0.417417        0.821326
0.418418        0.820556
0.419419        0.819782
0.42042         0.819004
0.421421        0.818221
0.422422        0.817435
0.423423        0.816644
0.424424        0.815849
0.425425        0.815051
0.426426        0.81425
0.427427        0.813445
0.428428        0.812637
0.429429        0.811826
0.43043         0.811012
0.431431        0.810195
0.432432        0.809375
0.433433        0.808553
0.434434        0.807729
0.435435        0.806902
0.436436        0.806073
0.437437        0.805243
0.438438        0.80441
0.439439        0.803576
0.44044         0.80274
0.441441        0.801902
0.442442        0.801063
0.443443        0.800223
0.444444        0.799381
0.445445        0.798538
0.446446        0.797695
0.447447        0.79685
0.448448        0.796005
0.449449        0.795159
0.45045         0.794313
0.451451        0.793466
0.452452        0.792619
0.453453        0.791771
0.454454        0.790924
0.455455        0.790076
0.456456        0.789229
0.457457        0.788381
0.458458        0.787534
0.459459        0.786687
0.46046         0.785841
0.461461        0.784995
0.462462        0.78415
0.463463        0.783305
0.464464        0.782462
0.465465        0.781619
0.466466        0.780777
0.467467        0.779936
0.468468        0.779097
0.469469        0.778259
0.47047         0.777422
0.471471        0.776586
0.472472        0.775752
0.473473        0.77492
0.474474        0.774089
0.475475        0.77326
0.476476        0.772433
0.477477        0.771608
0.478478        0.770785
0.479479        0.769964
0.48048         0.769146
0.481481        0.768329
0.482482        0.767515
0.483483        0.766704
0.484484        0.765895
0.485485        0.765088
0.486486        0.764284
0.487487        0.763483
0.488488        0.762685
0.489489        0.76189
0.49049         0.761098
0.491491        0.760309
0.492492        0.759523
0.493493        0.75874
0.494494        0.757961
0.495495        0.757185
0.496496        0.756412
0.497497        0.755643
0.498498        0.754878
0.499499        0.754116
0.500501        0.753358
0.501502        0.752604
0.502503        0.751854
0.503504        0.751108
0.504505        0.750366
0.505506        0.749628
0.506507        0.748894
0.507508        0.748165
0.508509        0.74744
0.50951         0.746719
0.510511        0.746003
0.511512        0.745291
0.512513        0.744585
0.513514        0.743882
0.514515        0.743185
0.515516        0.742492
0.516517        0.741804
0.517518        0.741122
0.518519        0.740444
0.51952         0.739771
0.520521        0.739104
0.521522        0.738441
0.522523        0.737784
0.523524        0.737133
0.524525        0.736486
0.525526        0.735845
0.526527        0.73521
0.527528        0.73458
0.528529        0.733956
0.52953         0.733337
0.530531        0.732725
0.531532        0.732118
0.532533        0.731516
0.533534        0.730921
0.534535        0.730332
0.535536        0.729748
0.536537        0.729171
0.537538        0.728599
0.538539        0.728034
0.53954         0.727475
0.540541        0.726922
0.541542        0.726375
0.542543        0.725835
0.543544        0.725301
0.544545        0.724773
0.545546        0.724251
0.546547        0.723736
0.547548        0.723227
0.548549        0.722725
0.54955         0.722229
0.550551        0.721739
0.551552        0.721257
0.552553        0.72078
0.553554        0.72031
0.554555        0.719847
0.555556        0.71939
0.556557        0.71894
0.557558        0.718496
0.558559        0.718059
0.55956         0.717629
0.560561        0.717205
0.561562        0.716787
0.562563        0.716377
0.563564        0.715973
0.564565        0.715575
0.565566        0.715184
0.566567        0.714799
0.567568        0.714421
0.568569        0.71405
0.56957         0.713685
0.570571        0.713327
0.571572        0.712974
0.572573        0.712629
0.573574        0.71229
0.574575        0.711957
0.575576        0.71163
0.576577        0.71131
0.577578        0.710996
0.578579        0.710688
0.57958         0.710387
0.580581        0.710091
0.581582        0.709802
0.582583        0.709519
0.583584        0.709242
0.584585        0.70897
0.585586        0.708705
0.586587        0.708445
0.587588        0.708191
0.588589        0.707943
0.58959         0.707701
0.590591        0.707464
0.591592        0.707233
0.592593        0.707007
0.593594        0.706787
0.594595        0.706572
0.595596        0.706362
0.596597        0.706158
0.597598        0.705958
0.598599        0.705764
0.5996          0.705574
0.600601        0.70539
0.601602        0.70521
0.602603        0.705036
0.603604        0.704866
0.604605        0.7047
0.605606        0.704539
0.606607        0.704382
0.607608        0.70423
0.608609        0.704082
0.60961         0.703939
0.610611        0.703799
0.611612        0.703664
0.612613        0.703533
0.613614        0.703405
0.614615        0.703281
0.615616        0.703161
0.616617        0.703045
0.617618        0.702932
0.618619        0.702823
0.61962         0.702717
0.620621        0.702615
0.621622        0.702515
0.622623        0.702419
0.623624        0.702327
0.624625        0.702237
0.625626        0.70215
0.626627        0.702066
0.627628        0.701985
0.628629        0.701906
0.62963         0.701831
0.630631        0.701757
0.631632        0.701687
0.632633        0.701619
0.633634        0.701553
0.634635        0.701489
0.635636        0.701428
0.636637        0.701369
0.637638        0.701313
0.638639        0.701258
0.63964         0.701205
0.640641        0.701154
0.641642        0.701105
0.642643        0.701058
0.643644        0.701013
0.644645        0.700969
0.645646        0.700928
0.646647        0.700887
0.647648        0.700849
0.648649        0.700811
0.64965         0.700776
0.650651        0.700741
0.651652        0.700708
0.652653        0.700677
0.653654        0.700646
0.654655        0.700617
0.655656        0.700589
0.656657        0.700562
0.657658        0.700537
0.658659        0.700512
0.65966         0.700488
0.660661        0.700466
0.661662        0.700444
0.662663        0.700423
0.663664        0.700403
0.664665        0.700384
0.665666        0.700366
0.666667        0.700349
0.667668        0.700332
0.668669        0.700316
0.66967         0.700301
0.670671        0.700286
0.671672        0.700272
0.672673        0.700259
0.673674        0.700246
0.674675        0.700234
0.675676        0.700223
0.676677        0.700212
0.677678        0.700201
0.678679        0.700191
0.67968         0.700182
0.680681        0.700172
0.681682        0.700164
0.682683        0.700155
0.683684        0.700147
0.684685        0.70014
0.685686        0.700133
0.686687        0.700126
0.687688        0.700119
0.688689        0.700113
0.68969         0.700107
0.690691        0.700102
0.691692        0.700096
0.692693        0.700091
0.693694        0.700086
0.694695        0.700082
0.695696        0.700078
0.696697        0.700073
0.697698        0.700069
0.698699        0.700066
0.6997          0.700062
0.700701        0.700059
0.701702        0.700056
0.702703        0.700053
0.703704        0.70005
0.704705        0.700047
0.705706        0.700044
0.706707        0.700042
0.707708        0.70004
0.708709        0.700037
0.70971         0.700035
0.710711        0.700033
0.711712        0.700031
0.712713        0.70003
0.713714        0.700028
0.714715        0.700026
0.715716        0.700025
0.716717        0.700023
0.717718        0.700022
0.718719        0.700021
0.71972         0.70002
0.720721        0.700018
0.721722        0.700017
0.722723        0.700016
0.723724        0.700015
0.724725        0.700015
0.725726        0.700014
0.726727        0.700013
0.727728        0.700012
0.728729        0.700011
0.72973         0.700011
0.730731        0.70001
0.731732        0.700009
0.732733        0.700009
0.733734        0.700008
0.734735        0.700008
0.735736        0.700007
0.736737        0.700007
0.737738        0.700006
0.738739        0.700006
0.73974         0.700006
0.740741        0.700005
0.741742        0.700005
0.742743        0.700005
0.743744        0.700004
0.744745        0.700004
0.745746        0.700004
0.746747        0.700004
0.747748        0.700003
0.748749        0.700003
0.74975         0.700003
0.750751        0.700003
0.751752        0.700003
0.752753        0.700002
0.753754        0.700002
0.754755        0.700002
0.755756        0.700002
0.756757        0.700002
0.757758        0.700002
0.758759        0.700002
0.75976         0.700002
0.760761        0.700001
0.761762        0.700001
0.762763        0.700001
0.763764        0.700001
0.764765        0.700001
0.765766        0.700001
0.766767        0.700001
0.767768        0.700001
0.768769        0.700001
0.76977         0.700001
0.770771        0.700001
0.771772        0.700001
0.772773        0.700001
0.773774        0.700001
0.774775        0.700001
0.775776        0.700001
0.776777        0.7
0.777778        0.7
0.778779        0.7
0.77978         0.7
0.780781        0.7
0.781782        0.7
0.782783        0.7
0.783784        0.7
0.784785        0.7
0.785786        0.7
0.786787        0.7
0.787788        0.7
0.788789        0.7
0.78979         0.7
0.790791        0.7
0.791792        0.7
0.792793        0.7
0.793794        0.7
0.794795        0.7
0.795796        0.7
0.796797        0.7
0.797798        0.7
0.798799        0.7
0.7998          0.7
0.800801        0.7
0.801802        0.7
0.802803        0.7
0.803804        0.7
0.804805        0.7
0.805806        0.7
0.806807        0.7
0.807808        0.7
0.808809        0.7
0.80981         0.7
0.810811        0.7
0.811812        0.7
0.812813        0.7
0.813814        0.7
0.814815        0.7
0.815816        0.7
0.816817        0.7
0.817818        0.7
0.818819        0.7
0.81982         0.7
0.820821        0.7
0.821822        0.7
0.822823        0.7
0.823824        0.7
0.824825        0.7
0.825826        0.7
0.826827        0.7
0.827828        0.7
0.828829        0.7
0.82983         0.7
0.830831        0.7
0.831832        0.7
0.832833        0.7
0.833834        0.7
0.834835        0.7
0.835836        0.7
0.836837        0.7
0.837838        0.7
0.838839        0.7
0.83984         0.7
0.840841        0.7
0.841842        0.7
0.842843        0.7
0.843844        0.7
0.844845        0.7
0.845846        0.7
0.846847        0.7
0.847848        0.7
0.848849        0.7
0.84985         0.7
0.850851        0.7
0.851852        0.7
0.852853        0.7
0.853854        0.7
0.854855        0.7
0.855856        0.7
0.856857        0.7
0.857858        0.7
0.858859        0.7
0.85986         0.7
0.860861        0.7
0.861862        0.7
0.862863        0.7
0.863864        0.7
0.864865        0.7
0.865866        0.7
0.866867        0.7
0.867868        0.7
0.868869        0.7
0.86987         0.7
0.870871        0.7
0.871872        0.7
0.872873        0.7
0.873874        0.7
0.874875        0.7
0.875876        0.7
0.876877        0.7
0.877878        0.7
0.878879        0.7
0.87988         0.7
0.880881        0.7
0.881882        0.7
0.882883        0.7
0.883884        0.7
0.884885        0.7
0.885886        0.7
0.886887        0.7
0.887888        0.7
0.888889        0.7
0.88989         0.7
0.890891        0.7
0.891892        0.7
0.892893        0.7
0.893894        0.7
0.894895        0.7
0.895896        0.7
0.896897        0.7
0.897898        0.7
0.898899        0.7
0.8999          0.7
0.900901        0.7
0.901902        0.7
0.902903        0.7
0.903904        0.7
0.904905        0.7
0.905906        0.7
0.906907        0.7
0.907908        0.7
0.908909        0.7
0.90991         0.7
0.910911        0.7
0.911912        0.7
0.912913        0.7
0.913914        0.7
0.914915        0.7
0.915916        0.7
0.916917        0.7
0.917918        0.7
0.918919        0.7
0.91992         0.7
0.920921        0.7
0.921922        0.7
0.922923        0.7
0.923924        0.7
0.924925        0.7
0.925926        0.7
0.926927        0.7
0.927928        0.7
0.928929        0.7
0.92993         0.7
0.930931        0.7
0.931932        0.7
0.932933        0.7
0.933934        0.7
0.934935        0.7
0.935936        0.7
0.936937        0.7
0.937938        0.7
0.938939        0.7
0.93994         0.7
0.940941        0.7
0.941942        0.7
0.942943        0.7
0.943944        0.7
0.944945        0.7
0.945946        0.7
0.946947        0.7
0.947948        0.7
0.948949        0.7
0.94995         0.7
0.950951        0.7
0.951952        0.7
0.952953        0.7
0.953954        0.7
0.954955        0.7
0.955956        0.7
0.956957        0.7
0.957958        0.7
0.958959        0.7
0.95996         0.7
0.960961        0.7
0.961962        0.7
0.962963        0.7
0.963964        0.7
0.964965        0.7
0.965966        0.7
0.966967        0.7
0.967968        0.7
0.968969        0.7
0.96997         0.7
0.970971        0.7
0.971972        0.7
0.972973        0.7
0.973974        0.7
0.974975        0.7
0.975976        0.7
0.976977        0.7
0.977978        0.7
0.978979        0.7
0.97998         0.7
0.980981        0.7
0.981982        0.7
0.982983        0.7
0.983984        0.7
0.984985        0.7
0.985986        0.7
0.986987        0.7
0.987988        0.7
0.988989        0.7
0.98999         0.7
0.990991        0.7
0.991992        0.7
0.992993        0.7
0.993994        0.7
0.994995        0.7
0.995996        0.7
0.996997        0.7
0.997998        0.7
0.998999        0.7
1               0.7
