# time          theta           
#====================================================
0               0.995004        
0.1             0.980067        
0.2             0.955336        
0.3             0.921061        
0.4             0.877583        
0.5             0.825336        
0.6             0.764842        
0.7             0.696707        
0.8             0.62161         
0.9             0.540302        
1               0.453596        
1.1             0.362358        
1.2             0.267499        
1.3             0.169967        
1.4             0.0707372       
1.5             -0.0291995      
1.6             -0.128844       
1.7             -0.227202       
1.8             -0.32329        
1.9             -0.416147       
2               -0.504846       
2.1             -0.588501       
2.2             -0.666276       
2.3             -0.737394       
2.4             -0.801144       
2.5             -0.856889       
2.6             -0.904072       
2.7             -0.942222       
2.8             -0.970958       
2.9             -0.989992       
3               -0.999135       
3.1             -0.998295       
3.2             -0.98748        
3.3             -0.966798       
3.4             -0.936457       
3.5             -0.896758       
3.6             -0.8481         
3.7             -0.790968       
3.8             -0.725932       
3.9             -0.653644       
4               -0.574824       
4.1             -0.490261       
4.2             -0.400799       
4.3             -0.307333       
4.4             -0.210796       
4.5             -0.112153       
4.6             -0.0123887      
4.7             0.087499        
4.8             0.186512        
4.9             0.283662        
5               0.377978        
5.1             0.468517        
5.2             0.554374        
5.3             0.634693        
5.4             0.70867         
5.5             0.775566        
5.6             0.834713        
5.7             0.88552         
5.8             0.927478        
5.9             0.96017         
6               0.983268        
6.1             0.996542        
6.2             0.999859        
6.3             0.993185        
6.4             0.976588        
6.5             0.950233        
6.6             0.914383        
6.7             0.869397        
6.8             0.815725        
6.9             0.753902        
7               0.684547        
7.1             0.608351        
7.2             0.526078        
7.3             0.438547        
7.4             0.346635        
7.5             0.25126         
7.6             0.153374        
7.7             0.0539554       
7.8             -0.0460021      
7.9             -0.1455         
8               -0.243544       
8.1             -0.339155       
8.2             -0.431377       
8.3             -0.519289       
8.4             -0.602012       
8.5             -0.67872        
8.6             -0.748647       
8.7             -0.811093       
8.8             -0.865435       
8.9             -0.91113        
9               -0.947722       
9.1             -0.974844       
9.2             -0.992225       
9.3             -0.999693       
9.4             -0.997172       
9.5             -0.984688       
9.6             -0.962365       
9.7             -0.930426       
9.8             -0.889191       
9.9             -0.839072       
10              -0.780568       
10.1            -0.714266       
10.2            -0.640826       
10.3            -0.560984       
10.4            -0.475537       
10.5            -0.385338       
10.6            -0.291289       
10.7            -0.19433        
10.8            -0.0954288      
10.9            0.0044257       
11              0.104236        
11.1            0.203005        
11.2            0.299745        
11.3            0.393491        
11.4            0.483305        
11.5            0.56829         
11.6            0.647596        
11.7            0.720432        
11.8            0.78607         
11.9            0.843854        
12              0.893206        
12.1            0.933634        
12.2            0.964733        
12.3            0.986192        
12.4            0.997798        
12.5            0.999435        
12.6            0.991085        
12.7            0.972833        
12.8            0.94486         
12.9            0.907447        
13              0.860967        
13.1            0.805884        
13.2            0.742749        
13.3            0.672193        
13.4            0.594921        
13.5            0.511704        
13.6            0.423375        
13.7            0.330815        
13.8            0.23495         
13.9            0.136737        
14              0.0371584       
14.1            -0.0627917      
14.2            -0.162114       
14.3            -0.259817       
14.4            -0.354924       
14.5            -0.446485       
14.6            -0.533584       
14.7            -0.615352       
14.8            -0.690972       
14.9            -0.759688       
15              -0.820813       
15.1            -0.873737       
15.2            -0.917931       
15.3            -0.952953       
15.4            -0.978453       
15.5            -0.994178       
15.6            -0.999968       
15.7            -0.995768       
15.8            -0.981618       
15.9            -0.957659       
16              -0.924133       
16.1            -0.881372       
16.2            -0.829806       
16.3            -0.769948       
16.4            -0.702397       
16.5            -0.627828       
16.6            -0.546986       
16.7            -0.460679       
16.8            -0.369768       
16.9            -0.275163       
17              -0.177809       
17.1            -0.0786782      
17.2            0.0212388       
17.3            0.120944        
17.4            0.21944         
17.5            0.315744        
17.6            0.408893        
17.7            0.497956        
17.8            0.582044        
17.9            0.660317        
18              0.731991        
18.1            0.796352        
18.2            0.852757        
18.3            0.90064         
18.4            0.939525        
18.5            0.969022        
18.6            0.988837        
18.7            0.998772        
18.8            0.998728        
18.9            0.988705        
19              0.968802        
19.1            0.93922         
19.2            0.900254        
19.3            0.852292        
19.4            0.795815        
19.5            0.731386        
19.6            0.659649        
19.7            0.581322        
19.8            0.497186        
19.9            0.408082        
20              0.314901        
20.1            0.218573        
20.2            0.120062        
20.3            0.0203508       
20.4            -0.0795636      
20.5            -0.178683       
20.6            -0.276017       
20.7            -0.370593       
20.8            -0.461467       
20.9            -0.547729       
21              -0.628519       
21.1            -0.703029       
21.2            -0.770514       
21.3            -0.830301       
21.4            -0.881792       
21.5            -0.924472       
21.6            -0.957915       
21.7            -0.981787       
21.8            -0.995849       
21.9            -0.999961       
22              -0.994082       
22.1            -0.97827        
22.2            -0.952683       
22.3            -0.917578       
22.4            -0.873305       
22.5            -0.820305       
22.6            -0.75911        
22.7            -0.69033        
22.8            -0.614652       
22.9            -0.532833       
23              -0.44569        
23.1            -0.354094       
23.2            -0.25896        
23.3            -0.161238       
23.4            -0.0619053      
23.5            0.0380459       
23.6            0.137617        
23.7            0.235813        
23.8            0.331653        
23.9            0.424179        
24              0.512467        
24.1            0.595634        
24.2            0.67285         
24.3            0.743344        
24.4            0.806409        
24.5            0.861418        
24.6            0.90782         
24.7            0.94515         
24.8            0.973038        
24.9            0.991203        
25              0.999464        
25.1            0.997739        
25.2            0.986045        
25.3            0.964498        
25.4            0.933315        
25.5            0.892806        
25.6            0.843377        
25.7            0.785521        
25.8            0.719816        
25.9            0.646919        
26              0.567559        
26.1            0.482527        
26.2            0.392674        
26.3            0.298898        
26.4            0.202135        
26.5            0.103353        
26.6            0.00353754      
26.7            -0.0963129      
26.8            -0.195201       
26.9            -0.292139       
27              -0.386158       
27.1            -0.476318       
27.2            -0.561719       
27.3            -0.641508       
27.4            -0.714887       
27.5            -0.781123       
27.6            -0.839554       
27.7            -0.889597       
27.8            -0.930751       
27.9            -0.962606       
28              -0.984842       
28.1            -0.997238       
28.2            -0.999671       
28.3            -0.992114       
28.4            -0.974645       
28.5            -0.947438       
28.6            -0.910764       
28.7            -0.86499        
28.8            -0.810573       
28.9            -0.748057       
29              -0.678067       
29.1            -0.601302       
29.2            -0.518529       
29.3            -0.430575       
29.4            -0.338319       
29.5            -0.242683       
29.6            -0.144621       
29.7            -0.0451149      
29.8            0.0548423       
29.9            0.154251        
30              0.252119        
30.1            0.347468        
30.2            0.439345        
30.3            0.526833        
30.4            0.609056        
30.5            0.685194        
30.6            0.754485        
30.7            0.816238        
30.8            0.869836        
30.9            0.914742        
31              0.950509        
31.1            0.976778        
31.2            0.993288        
31.3            0.999873        
31.4            0.996468        
31.5            0.983106        
31.6            0.959922        
31.7            0.927146        
31.8            0.885106        
31.9            0.834223        
32              0.775005        
32.1            0.708043        
32.2            0.634006        
32.3            0.553635        
32.4            0.467732        
32.5            0.377155        
32.6            0.28281         
32.7            0.18564         
32.8            0.0866142       
32.9            -0.0132768      
33              -0.113035       
33.1            -0.211664       
33.2            -0.308178       
33.3            -0.401613       
33.4            -0.491035       
33.5            -0.57555        
33.6            -0.654315       
33.7            -0.726543       
33.8            -0.791511       
33.9            -0.84857        
34              -0.897151       
34.1            -0.936768       
34.2            -0.967025       
34.3            -0.987619       
34.4            -0.998346       
34.5            -0.999098       
34.6            -0.989867       
34.7            -0.970745       
34.8            -0.941924       
34.9            -0.903692       
35              -0.856431       
35.1            -0.800612       
35.2            -0.736793       
35.3            -0.665613       
35.4            -0.587783       
35.5            -0.504079       
35.6            -0.415339       
35.7            -0.322449       
35.8            -0.226337       
35.9            -0.127964       
36              -0.0283117      
36.1            0.0716231       
36.2            0.170842        
36.3            0.268355        
36.4            0.363185        
36.5            0.454387        
36.6            0.541049        
36.7            0.622305        
36.8            0.697344        
36.9            0.765414        
37              0.825837        
37.1            0.878008        
37.2            0.921406        
37.3            0.955599        
37.4            0.980243        
37.5            0.995092        
37.6            1               
37.7            0.994915        
37.8            0.97989         
37.9            0.955074        
38              0.920715        
38.1            0.877156        
38.2            0.824834        
38.3            0.76427         
38.4            0.696069        
38.5            0.620914        
38.6            0.539555        
38.7            0.452804        
38.8            0.36153         
38.9            0.266643        
39              0.169092        
39.1            0.0698512       
39.2            -0.0300873      
39.3            -0.129725       
39.4            -0.228067       
39.5            -0.32413        
39.6            -0.416954       
39.7            -0.505613       
39.8            -0.589219       
39.9            -0.666938       
40              -0.737993       
40.1            -0.801675       
40.2            -0.857346       
40.3            -0.904451       
40.4            -0.942519       
40.5            -0.97117        
40.6            -0.990117       
40.7            -0.999172       
40.8            -0.998242       
40.9            -0.987339       
41              -0.966571       
41.1            -0.936145       
41.2            -0.896365       
41.3            -0.847629       
41.4            -0.790424       
41.5            -0.725321       
41.6            -0.652971       
41.7            -0.574097       
41.8            -0.489486       
41.9            -0.399985       
42              -0.306488       
42.1            -0.209927       
42.2            -0.11127        
42.3            -0.0115006      
42.4            0.0883837       
42.5            0.187385        
42.6            0.284514        
42.7            0.3788          
42.8            0.469301        
42.9            0.555113        
43              0.635379        
43.1            0.709296        
43.2            0.776126        
43.3            0.835202        
43.4            0.885932        
43.5            0.92781         
43.6            0.960418        
43.7            0.98343         
43.8            0.996615        
43.9            0.999843        
44              0.993081        
44.1            0.976396        
44.2            0.949955        
44.3            0.914023        
44.4            0.868958        
44.5            0.815211        
44.6            0.753318        
44.7            0.683899        
44.8            0.607646        
44.9            0.525322        
45              0.437749        
45.1            0.345802        
45.2            0.2504          
45.3            0.152496        
45.4            0.0530685       
45.5            -0.0468893      
45.6            -0.146379       
45.7            -0.244405       
45.8            -0.33999        
45.9            -0.432178       
46              -0.520047       
46.1            -0.602721       
46.2            -0.679372       
46.3            -0.749235       
46.4            -0.811612       
46.5            -0.86588        
46.6            -0.911496       
46.7            -0.948005       
46.8            -0.975041       
46.9            -0.992335       
47              -0.999715       
47.1            -0.997105       
47.2            -0.984533       
47.3            -0.962123       
47.4            -0.9301         
47.5            -0.888784       
47.6            -0.838588       
47.7            -0.780013       
47.8            -0.713644       
47.9            -0.640144       
48              -0.560249       
48.1            -0.474755       
48.2            -0.384518       
48.3            -0.290439       
48.4            -0.193459       
48.5            -0.0945447      
48.6            0.00531385      
48.7            0.105119        
48.8            0.203874        
48.9            0.300593        
49              0.394307        
49.1            0.484082        
49.2            0.56902         
49.3            0.648273        
49.4            0.721048        
49.5            0.786619        
49.6            0.84433         
49.7            0.893605        
49.8            0.933951        
49.9            0.964966        
50              0.986339        
50.1            0.997857        
50.2            0.999404        
50.3            0.990966        
50.4            0.972626        
50.5            0.944569        
50.6            0.907073        
50.7            0.860514        
50.8            0.805358        
50.9            0.742154        
51              0.671535        
51.1            0.594206        
51.2            0.510941        
51.3            0.42257         
51.4            0.329977        
51.5            0.234086        
51.6            0.135857        
51.7            0.0362708       
51.8            -0.0636781      
51.9            -0.162991       
52              -0.260675       
52.1            -0.355754       
52.2            -0.447279       
52.3            -0.534335       
52.4            -0.616052       
52.5            -0.691614       
52.6            -0.760265       
52.7            -0.82132        
52.8            -0.874169       
52.9            -0.918283       
53              -0.953222       
53.1            -0.978636       
53.2            -0.994273       
53.3            -0.999975       
53.4            -0.995686       
53.5            -0.981448       
53.6            -0.957403       
53.7            -0.923793       
53.8            -0.880952       
53.9            -0.82931        
54              -0.769381       
54.1            -0.701765       
54.2            -0.627136       
54.3            -0.546242       
54.4            -0.45989        
54.5            -0.368943       
54.6            -0.274309       
54.7            -0.176935       
54.8            -0.0777927      
54.9            0.0221268       
55              0.121825        
55.1            0.220306        
55.2            0.316586        
55.3            0.409703        
55.4            0.498726        
55.5            0.582766        
55.6            0.660983        
55.7            0.732596        
55.8            0.796889        
55.9            0.85322         
56              0.901026        
56.1            0.939829        
56.2            0.969241        
56.3            0.988969        
56.4            0.998816        
56.5            0.998683        
56.6            0.988571        
56.7            0.968582        
56.8            0.938915        
56.9            0.899867        
57              0.851827        
57.1            0.795277        
57.2            0.73078         
57.3            0.658982        
57.4            0.580599        
57.5            0.496415        
57.6            0.407271        
57.7            0.314058        
57.8            0.217707        
57.9            0.11918         
58              0.0194628       
58.1            -0.0804489      
58.2            -0.179557       
58.3            -0.276871       
58.4            -0.371418       
58.5            -0.462254       
58.6            -0.548472       
58.7            -0.62921        
58.8            -0.70366        
58.9            -0.77108        
59              -0.830796       
59.1            -0.88221        
59.2            -0.92481        
59.3            -0.958169       
59.4            -0.981955       
59.5            -0.995929       
59.6            -0.999952       
59.7            -0.993985       
59.8            -0.978085       
59.9            -0.952413       
60              -0.917225       
60.1            -0.872872       
60.2            -0.819797       
60.3            -0.758532       
60.4            -0.689687       
60.5            -0.613951       
60.6            -0.532081       
60.7            -0.444895       
60.8            -0.353263       
60.9            -0.258102       
61              -0.160361       
61.1            -0.0610188      
61.2            0.0389334       
61.3            0.138497        
61.4            0.236676        
61.5            0.332491        
61.6            0.424983        
61.7            0.513229        
61.8            0.596347        
61.9            0.673507        
62              0.743937        
62.1            0.806934        
62.2            0.861869        
62.3            0.908192        
62.4            0.94544         
62.5            0.973242        
62.6            0.99132         
62.7            0.999493        
62.8            0.997679        
62.9            0.985896        
63              0.964263        
63.1            0.932996        
63.2            0.892406        
63.3            0.842899        
63.4            0.784971        
63.5            0.719199        
63.6            0.646242        
63.7            0.566827        
63.8            0.481749        
63.9            0.391857        
64              0.29805         
64.1            0.201265        
64.2            0.102469        
64.3            0.00264938      
64.4            -0.0971969      
64.5            -0.196072       
64.6            -0.292988       
64.7            -0.386977       
64.8            -0.477099       
64.9            -0.562454       
65              -0.642189       
65.1            -0.715508       
65.2            -0.781677       
65.3            -0.840036       
65.4            -0.890002       
65.5            -0.931076       
65.6            -0.962846       
65.7            -0.984996       
65.8            -0.997304       
65.9            -0.999647       
66              -0.992003       
66.1            -0.974446       
66.2            -0.947153       
66.3            -0.910397       
66.4            -0.864544       
66.5            -0.810053       
66.6            -0.747468       
66.7            -0.677414       
66.8            -0.600593       
66.9            -0.51777        
67              -0.429774       
67.1            -0.337483       
67.2            -0.241821       
67.3            -0.143742       
67.4            -0.0442276      
67.5            0.0557291       
67.6            0.155129        
67.7            0.252979        
67.8            0.348301        
67.9            0.440143        
68              0.527587        
68.1            0.60976         
68.2            0.68584         
68.3            0.755068        
68.4            0.816751        
68.5            0.870274        
68.6            0.915101        
68.7            0.950784        
68.8            0.976968        
68.9            0.99339         
69              0.999887        
69.1            0.996393        
69.2            0.982943        
69.3            0.959672        
69.4            0.926813        
69.5            0.884693        
69.6            0.833733        
69.7            0.774443        
69.8            0.707415        
69.9            0.633319        
70              0.552895        
70.1            0.466947        
70.2            0.376333        
70.3            0.281958        
70.4            0.184767        
70.5            0.0857293       
70.6            -0.0141648      
70.7            -0.113917       
70.8            -0.212532       
70.9            -0.309023       
71              -0.402426       
71.1            -0.491808       
71.2            -0.576277       
71.3            -0.654987       
71.4            -0.727153       
71.5            -0.792053       
71.6            -0.84904        
71.7            -0.897543       
71.8            -0.937078       
71.9            -0.96725        
72              -0.987758       
72.1            -0.998397       
72.2            -0.99906        
72.3            -0.98974        
72.4            -0.970532       
72.5            -0.941626       
72.6            -0.903311       
72.7            -0.855972       
72.8            -0.800079       
72.9            -0.736193       
73              -0.66495        
73.1            -0.587064       
73.2            -0.503312       
73.3            -0.414531       
73.4            -0.321608       
73.5            -0.225472       
73.6            -0.127083       
73.7            -0.0274239      
73.8            0.072509        
73.9            0.171717        
74              0.26921         
74.1            0.364013        
74.2            0.455178        
74.3            0.541796        
74.4            0.623           
74.5            0.69798         
74.6            0.765985        
74.7            0.826337        
74.8            0.878433        
74.9            0.921751        
75              0.95586         
75.1            0.980418        
75.2            0.99518         
75.3            0.999998        
75.4            0.994825        
75.5            0.979712        
75.6            0.95481         
75.7            0.920368        
75.8            0.876729        
75.9            0.824331        
76              0.763697        
76.1            0.695431        
76.2            0.620217        
76.3            0.538807        
76.4            0.452012        
76.5            0.360702        
76.6            0.265787        
76.7            0.168216        
76.8            0.0689652       
76.9            -0.030975       
77              -0.130606       
77.1            -0.228932       
77.2            -0.32497        
77.3            -0.417761       
77.4            -0.506379       
77.5            -0.589936       
77.6            -0.6676         
77.7            -0.738592       
77.8            -0.802205       
77.9            -0.857803       
78              -0.90483        
78.1            -0.942816       
78.2            -0.971382       
78.3            -0.990242       
78.4            -0.999207       
78.5            -0.998189       
78.6            -0.987198       
78.7            -0.966343       
78.8            -0.935832       
78.9            -0.895971       
79              -0.847157       
79.1            -0.78988        
79.2            -0.724709       
79.3            -0.652298       
79.4            -0.573369       
79.5            -0.488712       
79.6            -0.399171       
79.7            -0.305642       
79.8            -0.209059       
79.9            -0.110387       
80              -0.0106124      
80.1            0.0892684       
80.2            0.188257        
80.3            0.285365        
80.4            0.379622        
80.5            0.470085        
80.6            0.555852        
80.7            0.636064        
80.8            0.709922        
80.9            0.776686        
81              0.83569         
81.1            0.886343        
81.2            0.928141        
81.3            0.960665        
81.4            0.98359         
81.5            0.996688        
81.6            0.999827        
81.7            0.992976        
81.8            0.976204        
81.9            0.949678        
82              0.913662        
82.1            0.868518        
82.2            0.814696        
82.3            0.752734        
82.4            0.683251        
82.5            0.60694         
82.6            0.524566        
82.7            0.43695         
82.8            0.344969        
82.9            0.24954         
83              0.151618        
83.1            0.0521816       
83.2            -0.0477765      
83.3            -0.147257       
83.4            -0.245267       
83.5            -0.340825       
83.6            -0.432979       
83.7            -0.520806       
83.8            -0.603429       
83.9            -0.680023       
84              -0.749823       
84.1            -0.812131       
84.2            -0.866324       
84.3            -0.911861       
84.4            -0.948287       
84.5            -0.975238       
84.6            -0.992445       
84.7            -0.999735       
84.8            -0.997037       
84.9            -0.984377       
85              -0.961881       
85.1            -0.929774       
85.2            -0.888377       
85.3            -0.838104       
85.4            -0.779457       
85.5            -0.713021       
85.6            -0.639462       
85.7            -0.559513       
85.8            -0.473973       
85.9            -0.383698       
86              -0.289589       
86.1            -0.192587       
86.2            -0.0936605      
86.3            0.006202        
86.4            0.106003        
86.5            0.204744        
86.6            0.301439        
86.7            0.395123        
86.8            0.484859        
86.9            0.56975         
87              0.648949        
87.1            0.721663        
87.2            0.787167        
87.3            0.844806        
87.4            0.894003        
87.5            0.934268        
87.6            0.965199        
87.7            0.986485        
87.8            0.997914        
87.9            0.999373        
88              0.990847        
88.1            0.97242         
88.2            0.944277        
88.3            0.906699        
88.4            0.860062        
88.5            0.804831        
88.6            0.741559        
88.7            0.670877        
88.8            0.593492        
88.9            0.510177        
89              0.421765        
89.1            0.329138        
89.2            0.233223        
89.3            0.134977        
89.4            0.0353832       
89.5            -0.0645644      
89.6            -0.163867       
89.7            -0.261532       
89.8            -0.356584       
89.9            -0.448074       
90              -0.535086       
90.1            -0.616752       
90.2            -0.692255       
90.3            -0.760842       
90.4            -0.821826       
90.5            -0.8746         
90.6            -0.918634       
90.7            -0.95349        
90.8            -0.978819       
90.9            -0.994367       
91              -0.999981       
91.1            -0.995603       
91.2            -0.981277       
91.3            -0.957146       
91.4            -0.923453       
91.5            -0.880532       
91.6            -0.828813       
91.7            -0.768813       
91.8            -0.701131       
91.9            -0.626444       
92              -0.545498       
92.1            -0.459101       
92.2            -0.368117       
92.3            -0.273455       
92.4            -0.176061       
92.5            -0.0769072      
92.6            0.0230147       
92.7            0.122707        
92.8            0.221173        
92.9            0.317429        
93              0.410513        
93.1            0.499496        
93.2            0.583488        
93.3            0.66165         
93.4            0.7332          
93.5            0.797425        
93.6            0.853683        
93.7            0.901411        
93.8            0.940132        
93.9            0.969459        
94              0.9891          
94.1            0.998859        
94.2            0.998637        
94.3            0.988437        
94.4            0.968361        
94.5            0.938609        
94.6            0.899479        
94.7            0.851362        
94.8            0.794738        
94.9            0.730173        
95              0.658313        
95.1            0.579875        
95.2            0.495644        
95.3            0.40646         
95.4            0.313214        
95.5            0.21684         
95.6            0.118298        
95.7            0.0185748       
95.8            -0.0813341      
95.9            -0.18043        
96              -0.277724       
96.1            -0.372243       
96.2            -0.463042       
96.3            -0.549215       
96.4            -0.6299         
96.5            -0.704291       
96.6            -0.771645       
96.7            -0.83129        
96.8            -0.882628       
96.9            -0.925147       
97              -0.958423       
97.1            -0.982122       
97.2            -0.996009       
97.3            -0.999943       
97.4            -0.993887       
97.5            -0.9779         
97.6            -0.952142       
97.7            -0.91687        
97.8            -0.872438       
97.9            -0.819288       
98              -0.757952       
98.1            -0.689044       
98.2            -0.61325        
98.3            -0.531329       
98.4            -0.444099       
98.5            -0.352432       
98.6            -0.257243       
98.7            -0.159485       
98.8            -0.0601323      
98.9            0.0398209       
99              0.139376        
99.1            0.237539        
99.2            0.333328        
99.3            0.425787        
99.4            0.513991        
99.5            0.59706         
99.6            0.674163        
99.7            0.74453         
99.8            0.807459        
99.9            0.862319        
100             0.908563        
