#====================================================
#   t = 3.9     rho_bar = 0.7     Viscosity = 0
#====================================================
#x              rho
#====================================================
0               0.712382
0.001001        0.712265
0.002002        0.712121
0.003003        0.712069
0.004004        0.711978
0.00500501      0.71187
0.00600601      0.711754
0.00700701      0.711674
0.00800801      0.711605
0.00900901      0.711479
0.01001         0.711379
0.011011        0.711282
0.012012        0.71125
0.013013        0.711126
0.014014        0.711016
0.015015        0.710884
0.016016        0.710854
0.017017        0.710767
0.018018        0.710658
0.019019        0.7105
0.02002         0.710431
0.021021        0.710386
0.022022        0.710299
0.023023        0.710156
0.024024        0.710028
0.025025        0.709998
0.026026        0.70993
0.027027        0.709829
0.028028        0.709664
0.029029        0.709619
0.03003         0.709564
0.031031        0.709499
0.032032        0.70932
0.033033        0.709226
0.034034        0.709162
0.035035        0.70912
0.036036        0.708989
0.037037        0.708868
0.038038        0.708795
0.039039        0.708728
0.04004         0.708633
0.041041        0.708512
0.042042        0.708466
0.043043        0.708382
0.044044        0.708292
0.045045        0.708144
0.046046        0.708111
0.047047        0.708046
0.048048        0.707959
0.049049        0.707789
0.0500501       0.707725
0.0510511       0.707689
0.0520521       0.70762
0.0530531       0.707455
0.0540541       0.707345
0.0550551       0.70734
0.0560561       0.707293
0.0570571       0.707159
0.0580581       0.706991
0.0590591       0.706977
0.0600601       0.706964
0.0610611       0.706868
0.0620621       0.706666
0.0630631       0.706598
0.0640641       0.706602
0.0650651       0.706563
0.0660661       0.70638
0.0670671       0.706231
0.0680681       0.706223
0.0690691       0.706211
0.0700701       0.706115
0.0710711       0.705934
0.0720721       0.705891
0.0730731       0.705855
0.0740741       0.705807
0.0750751       0.705638
0.0760761       0.705585
0.0770771       0.705533
0.0780781       0.705497
0.0790791       0.705336
0.0800801       0.705245
0.0810811       0.705203
0.0820821       0.705164
0.0830831       0.705059
0.0840841       0.704937
0.0850851       0.704906
0.0860861       0.704845
0.0870871       0.704781
0.0880881       0.704641
0.0890891       0.704628
0.0900901       0.704541
0.0910911       0.70449
0.0920921       0.704335
0.0930931       0.704331
0.0940941       0.704266
0.0950951       0.704204
0.0960961       0.704039
0.0970971       0.704006
0.0980981       0.703993
0.0990991       0.703951
0.1001          0.703792
0.101101        0.70369
0.102102        0.703708
0.103103        0.703694
0.104104        0.703587
0.105105        0.703414
0.106106        0.703399
0.107107        0.703398
0.108108        0.703348
0.109109        0.703177
0.11011         0.703126
0.111111        0.703122
0.112112        0.703103
0.113113        0.70294
0.114114        0.702858
0.115115        0.702867
0.116116        0.702887
0.117117        0.702753
0.118118        0.702606
0.119119        0.702576
0.12012         0.702634
0.121121        0.702561
0.122122        0.702411
0.123123        0.702308
0.124124        0.70236
0.125125        0.702351
0.126126        0.70224
0.127127        0.702096
0.128128        0.702106
0.129129        0.702131
0.13013         0.702082
0.131131        0.701933
0.132132        0.701869
0.133133        0.701888
0.134134        0.701863
0.135135        0.70178
0.136136        0.701671
0.137137        0.701691
0.138138        0.701654
0.139139        0.70162
0.14014         0.701491
0.141141        0.701516
0.142142        0.701476
0.143143        0.701469
0.144144        0.701322
0.145145        0.701324
0.146146        0.70131
0.147147        0.701321
0.148148        0.701206
0.149149        0.70112
0.15015         0.701126
0.151151        0.701139
0.152152        0.701135
0.153153        0.701012
0.154154        0.701055
0.155155        0.701209
0.156156        0.702217
0.157157        0.706322
0.158158        0.724063
0.159159        0.782145
0.16016         0.889913
0.161161        0.953644
0.162162        0.889781
0.163163        0.781977
0.164164        0.723942
0.165165        0.706198
0.166166        0.701984
0.167167        0.701031
0.168168        0.700786
0.169169        0.700756
0.17017         0.700664
0.171171        0.7007
0.172172        0.70058
0.173173        0.700663
0.174174        0.700563
0.175175        0.700651
0.176176        0.70054
0.177177        0.700764
0.178178        0.701461
0.179179        0.704986
0.18018         0.719398
0.181181        0.768836
0.182182        0.870004
0.183183        0.946759
0.184184        0.901445
0.185185        0.794302
0.186186        0.728841
0.187187        0.707318
0.188188        0.702049
0.189189        0.700691
0.19019         0.700492
0.191191        0.700392
0.192192        0.700485
0.193193        0.700361
0.194194        0.700345
0.195195        0.700305
0.196196        0.700385
0.197197        0.700403
0.198198        0.700368
0.199199        0.700576
0.2002          0.701533
0.201201        0.705983
0.202202        0.72349
0.203203        0.779772
0.204204        0.882115
0.205205        0.942753
0.206206        0.882701
0.207207        0.780201
0.208208        0.723683
0.209209        0.706036
0.21021         0.701532
0.211211        0.70053
0.212212        0.700323
0.213213        0.700342
0.214214        0.700314
0.215215        0.700202
0.216216        0.700239
0.217217        0.700223
0.218218        0.700347
0.219219        0.700228
0.22022         0.70037
0.221221        0.700638
0.222222        0.702404
0.223223        0.709181
0.224224        0.7354
0.225225        0.807059
0.226226        0.906937
0.227227        0.930512
0.228228        0.846471
0.229229        0.756237
0.23023         0.71562
0.231231        0.703912
0.232232        0.701078
0.233233        0.700479
0.234234        0.700269
0.235235        0.700276
0.236236        0.700189
0.237237        0.700282
0.238238        0.700203
0.239239        0.700269
0.24024         0.700193
0.241241        0.700312
0.242242        0.700444
0.243243        0.701243
0.244244        0.704425
0.245245        0.717425
0.246246        0.760747
0.247247        0.85116
0.248248        0.927307
0.249249        0.896143
0.25025         0.798639
0.251251        0.732273
0.252252        0.708543
0.253253        0.702196
0.254254        0.700695
0.255255        0.700325
0.256256        0.700321
0.257257        0.700295
0.258258        0.700255
0.259259        0.700198
0.26026         0.700217
0.261261        0.700295
0.262262        0.700313
0.263263        0.700393
0.264264        0.700779
0.265265        0.702713
0.266266        0.710371
0.267267        0.738009
0.268268        0.80914
0.269269        0.901203
0.27027         0.916675
0.271271        0.835158
0.272272        0.752116
0.273273        0.714871
0.274274        0.703909
0.275275        0.701103
0.276276        0.70048
0.277277        0.700318
0.278278        0.70034
0.279279        0.700262
0.28028         0.700274
0.281281        0.700252
0.282282        0.700313
0.283283        0.700311
0.284284        0.700369
0.285285        0.700702
0.286286        0.702087
0.287287        0.707712
0.288288        0.728249
0.289289        0.786398
0.29029         0.877593
0.291291        0.91781
0.292292        0.85543
0.293293        0.76745
0.294294        0.720626
0.295295        0.70555
0.296296        0.70154
0.297297        0.700649
0.298298        0.700411
0.299299        0.700334
0.3003          0.700284
0.301301        0.70026
0.302302        0.700359
0.303303        0.700321
0.304304        0.700382
0.305305        0.70032
0.306306        0.700759
0.307307        0.701983
0.308308        0.707258
0.309309        0.725927
0.31031         0.779544
0.311311        0.867131
0.312312        0.912448
0.313313        0.858314
0.314314        0.771882
0.315315        0.722839
0.316316        0.706304
0.317317        0.701842
0.318318        0.700687
0.319319        0.700442
0.32032         0.700307
0.321321        0.700407
0.322322        0.700301
0.323323        0.700395
0.324324        0.70025
0.325325        0.700438
0.326326        0.700433
0.327327        0.700942
0.328328        0.702329
0.329329        0.708507
0.33033         0.729818
0.331331        0.78688
0.332332        0.871405
0.333333        0.904996
0.334334        0.845147
0.335335        0.763681
0.336336        0.720077
0.337337        0.705614
0.338338        0.701808
0.339339        0.700711
0.34034         0.700438
0.341341        0.700269
0.342342        0.700447
0.343343        0.700394
0.344344        0.700423
0.345345        0.700243
0.346346        0.700427
0.347347        0.700611
0.348348        0.701332
0.349349        0.703585
0.35035         0.712698
0.351351        0.742372
0.352352        0.809941
0.353353        0.885823
0.354354        0.889285
0.355355        0.81589
0.356356        0.745898
0.357357        0.713921
0.358358        0.703944
0.359359        0.701364
0.36036         0.700675
0.361361        0.700467
0.362362        0.700331
0.363363        0.700399
0.364364        0.700398
0.365365        0.700448
0.366366        0.700374
0.367367        0.700531
0.368368        0.700835
0.369369        0.702213
0.37037         0.707044
0.371371        0.724205
0.372372        0.77112
0.373373        0.848744
0.374374        0.894011
0.375375        0.852499
0.376376        0.774462
0.377377        0.725635
0.378378        0.707499
0.379379        0.702342
0.38038         0.700958
0.381381        0.700561
0.382382        0.700403
0.383383        0.70036
0.384384        0.700457
0.385385        0.700448
0.386386        0.700484
0.387387        0.700421
0.388388        0.700767
0.389389        0.701692
0.39039         0.705368
0.391391        0.717669
0.392392        0.754078
0.393393        0.82407
0.394394        0.883957
0.395395        0.865955
0.396396        0.79246
0.397397        0.735005
0.398398        0.710841
0.399399        0.703282
0.4004          0.701179
0.401401        0.700638
0.402402        0.700468
0.403403        0.700484
0.404404        0.700402
0.405405        0.70047
0.406406        0.700415
0.407407        0.700583
0.408408        0.700754
0.409409        0.701767
0.41041         0.705161
0.411411        0.717124
0.412412        0.751449
0.413413        0.817948
0.414414        0.876866
0.415415        0.863232
0.416416        0.793662
0.417417        0.736571
0.418418        0.711604
0.419419        0.703562
0.42042         0.701362
0.421421        0.700653
0.422422        0.700547
0.423423        0.700426
0.424424        0.700494
0.425425        0.700424
0.426426        0.700515
0.427427        0.700579
0.428428        0.700969
0.429429        0.702219
0.43043         0.706753
0.431431        0.72171
0.432432        0.761502
0.433433        0.828932
0.434434        0.874987
0.435435        0.847197
0.436436        0.778458
0.437437        0.729592
0.438438        0.709343
0.439439        0.703066
0.44044         0.701175
0.441441        0.700688
0.442442        0.700467
0.443443        0.700493
0.444444        0.700504
0.445445        0.700502
0.446446        0.700524
0.447447        0.700684
0.448448        0.701448
0.449449        0.703757
0.45045         0.711669
0.451451        0.735185
0.452452        0.787651
0.453453        0.851468
0.454454        0.866219
0.455455        0.814215
0.456456        0.752179
0.457457        0.718205
0.458458        0.70581
0.459459        0.701995
0.46046         0.700938
0.461461        0.700636
0.462462        0.700489
0.463463        0.700489
0.464464        0.700471
0.465465        0.700593
0.466466        0.700664
0.467467        0.701194
0.468468        0.702793
0.469469        0.708444
0.47047         0.725558
0.471471        0.767432
0.472472        0.830116
0.473473        0.863956
0.474474        0.830313
0.475475        0.767611
0.476476        0.725694
0.477477        0.708422
0.478478        0.702851
0.479479        0.701192
0.48048         0.700774
0.481481        0.700518
0.482482        0.700471
0.483483        0.700461
0.484484        0.700652
0.485485        0.70075
0.486486        0.701166
0.487487        0.702719
0.488488        0.708211
0.489489        0.724525
0.49049         0.763688
0.491491        0.823248
0.492492        0.858013
0.493493        0.829072
0.494494        0.769072
0.495495        0.72707
0.496496        0.709202
0.497497        0.703258
0.498498        0.701263
0.499499        0.70066
0.500501        0.700531
0.501502        0.700632
0.502503        0.700602
0.503504        0.700555
0.504505        0.700714
0.505506        0.701475
0.506507        0.703751
0.507508        0.710637
0.508509        0.730417
0.50951         0.773958
0.510511        0.830481
0.511512        0.851408
0.512513        0.813197
0.513514        0.757052
0.514515        0.721895
0.515516        0.707447
0.516517        0.702653
0.517518        0.701208
0.518519        0.700746
0.51952         0.700551
0.520521        0.700491
0.521522        0.700611
0.522523        0.700756
0.523524        0.701106
0.524525        0.702234
0.525526        0.706216
0.526527        0.718002
0.527528        0.747528
0.528529        0.798794
0.52953         0.842491
0.530531        0.834209
0.531532        0.783208
0.532533        0.736757
0.533534        0.713392
0.534535        0.704739
0.535536        0.701852
0.536537        0.700912
0.537538        0.700609
0.538539        0.700611
0.53954         0.700616
0.540541        0.700698
0.541542        0.700925
0.542543        0.701941
0.543544        0.704984
0.544545        0.714031
0.545546        0.737398
0.546547        0.782336
0.547548        0.830084
0.548549        0.836657
0.54955         0.794698
0.550551        0.745972
0.551552        0.717756
0.552553        0.706328
0.553554        0.702395
0.554555        0.701113
0.555556        0.700738
0.556557        0.700609
0.557558        0.700626
0.558559        0.70069
0.55956         0.701058
0.560561        0.702066
0.561562        0.705264
0.562563        0.714386
0.563564        0.737615
0.564565        0.780841
0.565566        0.825649
0.566567        0.831063
0.567568        0.791255
0.568569        0.744953
0.56957         0.71773
0.570571        0.706431
0.571572        0.702478
0.572573        0.701205
0.573574        0.700765
0.574575        0.700649
0.575576        0.700603
0.576577        0.700829
0.577578        0.701282
0.578579        0.702825
0.57958         0.707144
0.580581        0.719333
0.581582        0.747269
0.582583        0.792136
0.583584        0.827279
0.584585        0.818464
0.585586        0.774991
0.586587        0.734879
0.587588        0.71355
0.588589        0.705083
0.58959         0.702121
0.590591        0.701032
0.591592        0.700714
0.592593        0.700613
0.593594        0.700832
0.594595        0.701052
0.595596        0.702039
0.596597        0.704749
0.597598        0.712781
0.598599        0.732235
0.5996          0.769212
0.600601        0.811074
0.601602        0.823297
0.602603        0.792892
0.603604        0.749715
0.604605        0.721067
0.605606        0.708086
0.606607        0.703245
0.607608        0.701398
0.608609        0.700878
0.60961         0.700658
0.610611        0.700842
0.611612        0.700992
0.612613        0.701892
0.613614        0.704238
0.614615        0.711048
0.615616        0.727599
0.616617        0.760246
0.617618        0.800985
0.618619        0.81924
0.61962         0.796536
0.620621        0.755394
0.621622        0.72484
0.622623        0.709765
0.623624        0.703916
0.624625        0.70166
0.625626        0.701056
0.626627        0.700709
0.627628        0.700847
0.628629        0.701092
0.62963         0.702208
0.630631        0.704904
0.631632        0.712277
0.632633        0.729862
0.633634        0.762612
0.634635        0.800293
0.635636        0.813517
0.636637        0.789317
0.637638        0.750702
0.638639        0.722901
0.63964         0.709055
0.640641        0.703682
0.641642        0.701683
0.642643        0.701156
0.643644        0.700805
0.644645        0.700884
0.645646        0.701413
0.646647        0.703058
0.647648        0.707181
0.648649        0.717383
0.64965         0.739698
0.650651        0.774714
0.651652        0.804871
0.652653        0.803596
0.653654        0.772541
0.654655        0.738011
0.655656        0.716628
0.656657        0.706634
0.657658        0.702879
0.658659        0.701493
0.65966         0.701031
0.660661        0.700885
0.661662        0.701194
0.662663        0.702462
0.663664        0.705426
0.664665        0.712981
0.665666        0.72973
0.666667        0.759676
0.667668        0.792439
0.668669        0.803548
0.66967         0.782143
0.670671        0.748223
0.671672        0.722673
0.672673        0.709577
0.673674        0.703938
0.674675        0.701918
0.675676        0.701231
0.676677        0.701025
0.677678        0.701299
0.678679        0.702307
0.67968         0.705298
0.680681        0.712218
0.681682        0.727781
0.682683        0.754996
0.683684        0.786319
0.684685        0.799013
0.685686        0.781546
0.686687        0.749635
0.687688        0.724344
0.688689        0.710576
0.68969         0.704521
0.690691        0.702122
0.691692        0.701302
0.692693        0.701198
0.693694        0.70153
0.694695        0.702879
0.695696        0.706288
0.696697        0.714545
0.697698        0.731562
0.698699        0.75911
0.6997          0.786547
0.700701        0.793251
0.701702        0.772976
0.702703        0.743169
0.703704        0.721009
0.704705        0.709282
0.705706        0.704132
0.706707        0.702022
0.707708        0.70136
0.708709        0.701375
0.70971         0.702161
0.710711        0.704275
0.711712        0.709468
0.712713        0.72094
0.713714        0.742038
0.714715        0.769842
0.715716        0.788562
0.716717        0.782645
0.717718        0.757259
0.718719        0.731315
0.71972         0.714735
0.720721        0.706663
0.721722        0.703124
0.722723        0.701784
0.723724        0.701455
0.724725        0.701986
0.725726        0.703717
0.726727        0.707823
0.727728        0.717011
0.728729        0.734499
0.72973         0.759838
0.730731        0.781199
0.731732        0.782515
0.732733        0.762517
0.733734        0.737064
0.734735        0.718447
0.735736        0.70851
0.736737        0.703949
0.737738        0.702264
0.738739        0.701785
0.73974         0.702176
0.740741        0.703809
0.741742        0.707974
0.742743        0.717051
0.743744        0.733647
0.744745        0.757108
0.745746        0.776844
0.746747        0.778426
0.747748        0.76023
0.748749        0.736452
0.74975         0.718661
0.750751        0.708963
0.751752        0.704272
0.752753        0.702438
0.753754        0.701993
0.754755        0.702753
0.755756        0.704888
0.756757        0.709908
0.757758        0.720296
0.758759        0.738113
0.75976         0.760265
0.760761        0.775009
0.761762        0.771316
0.762763        0.75211
0.763764        0.730745
0.764765        0.715674
0.765766        0.707648
0.766767        0.703938
0.767768        0.702605
0.768769        0.702501
0.76977         0.7038
0.770771        0.707245
0.771772        0.714602
0.772773        0.728019
0.773774        0.747416
0.774775        0.765897
0.775776        0.7714
0.776777        0.759656
0.777778        0.73945
0.778779        0.722035
0.77978         0.711178
0.780781        0.705725
0.781782        0.703364
0.782783        0.702851
0.783784        0.70369
0.784785        0.706469
0.785786        0.712613
0.786787        0.723952
0.787788        0.740995
0.788789        0.758853
0.78979         0.767507
0.790791        0.760299
0.791792        0.742737
0.792793        0.72518
0.793794        0.713492
0.794795        0.707097
0.795796        0.704201
0.796797        0.703229
0.797798        0.704089
0.798799        0.706983
0.7998          0.713016
0.800801        0.723714
0.801802        0.739441
0.802803        0.75581
0.803804        0.763351
0.804805        0.756752
0.805806        0.740768
0.806807        0.724951
0.807808        0.713729
0.808809        0.707499
0.80981         0.704485
0.810811        0.704014
0.811812        0.705149
0.812813        0.708559
0.813814        0.715186
0.814815        0.726686
0.815816        0.741874
0.816817        0.75519
0.817818        0.758787
0.818819        0.750298
0.81982         0.735449
0.820821        0.721483
0.821822        0.712125
0.822823        0.706986
0.823824        0.705058
0.824825        0.704952
0.825826        0.706984
0.826827        0.711575
0.827828        0.720184
0.828829        0.732544
0.82983         0.746081
0.830831        0.754362
0.831832        0.752361
0.832833        0.741249
0.833834        0.727529
0.834835        0.716611
0.835836        0.709863
0.836837        0.706604
0.837838        0.705626
0.838839        0.706913
0.83984         0.710529
0.840841        0.717501
0.841842        0.727768
0.842843        0.739945
0.843844        0.749031
0.844845        0.750047
0.845846        0.74218
0.846847        0.730258
0.847848        0.719486
0.848849        0.712129
0.84985         0.708177
0.850851        0.706764
0.851852        0.707794
0.852853        0.711047
0.853854        0.717312
0.854855        0.726264
0.855856        0.736834
0.856857        0.744705
0.857858        0.746058
0.858859        0.739775
0.85986         0.729775
0.860861        0.720134
0.861862        0.71335
0.862863        0.709524
0.863864        0.708317
0.864865        0.709468
0.865866        0.712868
0.866867        0.718894
0.867868        0.726913
0.868869        0.735567
0.86987         0.741107
0.870871        0.741126
0.871872        0.73526
0.872873        0.727066
0.873874        0.719233
0.874875        0.713896
0.875876        0.710866
0.876877        0.710444
0.877878        0.71212
0.878879        0.716008
0.87988         0.721655
0.880881        0.728316
0.881882        0.734224
0.882883        0.736857
0.883884        0.735131
0.884885        0.729762
0.885886        0.72355
0.886887        0.718056
0.887888        0.714637
0.888889        0.71299
0.88989         0.713614
0.890891        0.71581
0.891892        0.719646
0.892893        0.724053
0.893894        0.728384
0.894895        0.731014
0.895896        0.731096
0.896897        0.7286
0.897898        0.724729
0.898899        0.720904
0.8999          0.717862
0.900901        0.71627
0.901902        0.715998
0.902903        0.71725
0.903904        0.719199
0.904905        0.721758
0.905906        0.724024
0.906907        0.725817
0.907908        0.72616
0.908909        0.725274
0.90991         0.723388
0.910911        0.721447
0.911912        0.719719
0.912913        0.718533
0.913914        0.718084
0.914915        0.718387
0.915916        0.719318
0.916917        0.720293
0.917918        0.721305
0.918919        0.721937
0.91992         0.722318
0.920921        0.721967
0.921922        0.721338
0.922923        0.720416
0.923924        0.719735
0.924925        0.719099
0.925926        0.7188
0.926927        0.718716
0.927928        0.718913
0.928929        0.719204
0.92993         0.719473
0.930931        0.719721
0.931932        0.719743
0.932933        0.719671
0.933934        0.719362
0.934935        0.719152
0.935936        0.718776
0.936937        0.718524
0.937938        0.718227
0.938939        0.718208
0.93994         0.71814
0.940941        0.718127
0.941942        0.718059
0.942943        0.718125
0.943944        0.718145
0.944945        0.718003
0.945946        0.71782
0.946947        0.717688
0.947948        0.717682
0.948949        0.717463
0.94995         0.717259
0.950951        0.717077
0.951952        0.717149
0.952953        0.717035
0.953954        0.716896
0.954955        0.716721
0.955956        0.716775
0.956957        0.716714
0.957958        0.716537
0.958959        0.716348
0.95996         0.716326
0.960961        0.71632
0.961962        0.716119
0.962963        0.71594
0.963964        0.71586
0.964965        0.715919
0.965966        0.715738
0.966967        0.71556
0.967968        0.715428
0.968969        0.715501
0.96997         0.715376
0.970971        0.715182
0.971972        0.715007
0.972973        0.715032
0.973974        0.71498
0.974975        0.714796
0.975976        0.714632
0.976977        0.714589
0.977978        0.714589
0.978979        0.714415
0.97998         0.714274
0.980981        0.714185
0.981982        0.714201
0.982983        0.714028
0.983984        0.713879
0.984985        0.713763
0.985986        0.713787
0.986987        0.713662
0.987988        0.713489
0.988989        0.713347
0.98999         0.713336
0.990991        0.713285
0.991992        0.71312
0.992993        0.712979
0.993994        0.71291
0.994995        0.712902
0.995996        0.712757
0.996997        0.712627
0.997998        0.712505
0.998999        0.712495
1               0.712382
