#====================================================
#   t = 2.7     rho_bar = 0.7     Viscosity = 0
#====================================================
#x              rho
#====================================================
0               0.80963
0.001001        0.886908
0.002002        0.891249
0.003003        0.817416
0.004004        0.746311
0.00500501      0.714158
0.00600601      0.704
0.00700701      0.701306
0.00800801      0.700682
0.00900901      0.700427
0.01001         0.700627
0.011011        0.700935
0.012012        0.702766
0.013013        0.709104
0.014014        0.73076
0.015015        0.786054
0.016016        0.864755
0.017017        0.893971
0.018018        0.837116
0.019019        0.761326
0.02002         0.719969
0.021021        0.705831
0.022022        0.701893
0.023023        0.700699
0.024024        0.700645
0.025025        0.70051
0.026026        0.701024
0.027027        0.702603
0.028028        0.708351
0.029029        0.727994
0.03003         0.778282
0.031031        0.854114
0.032032        0.8888
0.033033        0.840344
0.034034        0.765948
0.035035        0.722388
0.036036        0.706756
0.037037        0.70208
0.038038        0.700922
0.039039        0.700577
0.04004         0.700656
0.041041        0.701153
0.042042        0.703007
0.043043        0.709798
0.044044        0.73137
0.045045        0.784043
0.046046        0.85602
0.047047        0.881275
0.048048        0.828989
0.049049        0.759089
0.0500501       0.720144
0.0510511       0.706069
0.0520521       0.702077
0.0530531       0.700848
0.0540541       0.700649
0.0550551       0.700807
0.0560561       0.701503
0.0570571       0.704475
0.0580581       0.714074
0.0590591       0.742973
0.0600601       0.802965
0.0610611       0.865996
0.0620621       0.866805
0.0630631       0.804243
0.0640641       0.743821
0.0650651       0.714402
0.0660661       0.704539
0.0670671       0.701625
0.0680681       0.700767
0.0690691       0.700793
0.0700701       0.70103
0.0710711       0.70268
0.0720721       0.708011
0.0730731       0.724897
0.0740741       0.767676
0.0750751       0.833534
0.0760761       0.870702
0.0770771       0.836004
0.0780781       0.769872
0.0790791       0.726086
0.0800801       0.708298
0.0810811       0.702831
0.0820821       0.701143
0.0830831       0.700748
0.0840841       0.70105
0.0850851       0.701961
0.0860861       0.705838
0.0870871       0.717837
0.0880881       0.750238
0.0890891       0.80974
0.0900901       0.860378
0.0910911       0.848489
0.0920921       0.787768
0.0930931       0.736201
0.0940941       0.712351
0.0950951       0.703902
0.0960961       0.70165
0.0970971       0.700876
0.0980981       0.700938
0.0990991       0.702069
0.1001          0.705141
0.101101        0.71604
0.102102        0.744686
0.103103        0.799425
0.104104        0.851682
0.105105        0.847891
0.106106        0.793024
0.107107        0.740297
0.108108        0.714264
0.109109        0.704777
0.11011         0.701668
0.111111        0.701216
0.112112        0.700933
0.113113        0.702319
0.114114        0.706006
0.115115        0.717552
0.116116        0.748026
0.117117        0.801583
0.118118        0.848482
0.119119        0.839561
0.12012         0.785655
0.121121        0.737184
0.122122        0.713039
0.123123        0.704726
0.124124        0.701621
0.125125        0.701204
0.126126        0.701403
0.127127        0.702901
0.128128        0.708548
0.129129        0.723693
0.13013         0.760181
0.131131        0.814188
0.132132        0.846779
0.133133        0.822621
0.134134        0.768196
0.135135        0.728317
0.136136        0.70983
0.137137        0.703654
0.138138        0.701602
0.139139        0.701165
0.14014         0.702191
0.141141        0.704899
0.142142        0.714266
0.143143        0.73781
0.144144        0.783126
0.145145        0.830876
0.146146        0.836568
0.147147        0.794304
0.148148        0.745384
0.149149        0.717583
0.15015         0.706246
0.151151        0.702402
0.152152        0.701555
0.153153        0.701653
0.154154        0.703953
0.155155        0.710322
0.156156        0.727906
0.157157        0.765083
0.158158        0.813613
0.159159        0.835638
0.16016         0.807175
0.161161        0.75848
0.162162        0.72434
0.163163        0.708947
0.164164        0.703507
0.165165        0.701681
0.166166        0.701897
0.167167        0.703572
0.168168        0.709345
0.169169        0.724804
0.17017         0.757863
0.171171        0.804208
0.172172        0.830049
0.173173        0.809039
0.174174        0.762969
0.175175        0.727559
0.176176        0.710559
0.177177        0.703998
0.178178        0.702122
0.179179        0.70203
0.18018         0.704039
0.181181        0.710252
0.182182        0.72626
0.183183        0.759449
0.184184        0.802917
0.185185        0.824792
0.186186        0.802492
0.187187        0.758898
0.188188        0.726089
0.189189        0.710095
0.19019         0.704128
0.191191        0.70222
0.192192        0.702568
0.193193        0.705327
0.194194        0.713301
0.195195        0.732836
0.196196        0.768482
0.197197        0.807692
0.198198        0.817878
0.199199        0.788665
0.2002          0.74803
0.201201        0.720735
0.202202        0.708295
0.203203        0.703564
0.204204        0.7025
0.205205        0.703652
0.206206        0.708192
0.207207        0.720337
0.208208        0.745979
0.209209        0.784265
0.21021         0.81235
0.211211        0.804177
0.212212        0.767977
0.213213        0.733487
0.214214        0.714134
0.215215        0.705815
0.216216        0.703153
0.217217        0.703244
0.218218        0.706243
0.219219        0.7149
0.22022         0.734329
0.221221        0.767583
0.222222        0.800766
0.223223        0.806825
0.224224        0.779674
0.225225        0.743863
0.226226        0.71982
0.227227        0.708308
0.228228        0.704121
0.229229        0.703432
0.23023         0.705755
0.231231        0.712994
0.232232        0.729567
0.233233        0.759103
0.234234        0.791853
0.235235        0.803526
0.236236        0.782797
0.237237        0.748807
0.238238        0.723248
0.239239        0.710087
0.24024         0.704996
0.241241        0.70391
0.242242        0.706176
0.243243        0.713322
0.244244        0.729431
0.245245        0.75738
0.246246        0.787784
0.247247        0.798547
0.248248        0.77944
0.249249        0.747763
0.25025         0.723361
0.251251        0.710532
0.252252        0.705489
0.253253        0.704616
0.254254        0.707492
0.255255        0.715737
0.256256        0.733314
0.257257        0.761084
0.258258        0.787454
0.259259        0.792315
0.26026         0.770995
0.261261        0.741743
0.262262        0.720513
0.263263        0.709698
0.264264        0.705711
0.265265        0.705778
0.266266        0.710171
0.267267        0.720981
0.268268        0.741483
0.269269        0.768754
0.27027         0.787701
0.271271        0.782746
0.272272        0.758219
0.273273        0.732587
0.274274        0.716046
0.275275        0.70835
0.276276        0.706167
0.277277        0.70814
0.278278        0.715417
0.279279        0.730408
0.28028         0.753971
0.281281        0.77702
0.282282        0.783479
0.283283        0.76778
0.284284        0.742676
0.285285        0.722804
0.286286        0.711742
0.287287        0.70755
0.288288        0.70799
0.289289        0.713224
0.29029         0.725219
0.291291        0.745101
0.292292        0.767707
0.293293        0.779111
0.294294        0.77029
0.295295        0.748396
0.296296        0.72773
0.297297        0.714936
0.298298        0.709222
0.299299        0.708832
0.3003          0.713085
0.301301        0.723615
0.302302        0.74123
0.303303        0.761802
0.304304        0.773897
0.305305        0.76814
0.306306        0.749414
0.307307        0.729839
0.308308        0.716915
0.309309        0.710897
0.31031         0.710178
0.311311        0.714511
0.312312        0.724577
0.313313        0.740961
0.314314        0.759081
0.315315        0.768946
0.316316        0.76334
0.317317        0.746558
0.318318        0.729257
0.319319        0.71759
0.32032         0.712346
0.321321        0.712274
0.322322        0.717284
0.323323        0.727823
0.324324        0.743123
0.325325        0.758045
0.326326        0.763737
0.327327        0.756469
0.328328        0.741239
0.329329        0.72682
0.33033         0.717671
0.331331        0.714015
0.332332        0.715552
0.333333        0.721762
0.334334        0.732827
0.335335        0.746306
0.336336        0.756314
0.337337        0.757027
0.338338        0.747889
0.339339        0.734983
0.34034         0.724217
0.341341        0.718212
0.342342        0.717114
0.343343        0.720474
0.344344        0.727947
0.345345        0.738156
0.346346        0.747653
0.347347        0.751639
0.348348        0.748055
0.349349        0.739135
0.35035         0.729772
0.351351        0.723304
0.352352        0.720717
0.353353        0.722191
0.354354        0.726784
0.355355        0.733692
0.356356        0.740529
0.357357        0.7444
0.358358        0.743729
0.359359        0.738828
0.36036         0.732678
0.361361        0.727553
0.362362        0.72494
0.363363        0.725157
0.364364        0.727544
0.365365        0.731492
0.366366        0.735355
0.367367        0.737871
0.368368        0.738
0.369369        0.735884
0.37037         0.732746
0.371371        0.729729
0.372372        0.727962
0.373373        0.727574
0.374374        0.728509
0.375375        0.730202
0.376376        0.731928
0.377377        0.733125
0.378378        0.733282
0.379379        0.73255
0.38038         0.73122
0.381381        0.729877
0.382382        0.728898
0.383383        0.728513
0.384384        0.728658
0.385385        0.729144
0.386386        0.729735
0.387387        0.730064
0.388388        0.730191
0.389389        0.72985
0.39039         0.72939
0.391391        0.728857
0.392392        0.728318
0.393393        0.728158
0.394394        0.727921
0.395395        0.72804
0.396396        0.728086
0.397397        0.728044
0.398398        0.728134
0.399399        0.727801
0.4004          0.727725
0.401401        0.727402
0.402402        0.727117
0.403403        0.727056
0.404404        0.726714
0.405405        0.726772
0.406406        0.726585
0.407407        0.726471
0.408408        0.726471
0.409409        0.726166
0.41041         0.726163
0.411411        0.725905
0.412412        0.725729
0.413413        0.725658
0.414414        0.72537
0.415415        0.725349
0.416416        0.725157
0.417417        0.724994
0.418418        0.724958
0.419419        0.724695
0.42042         0.724638
0.421421        0.724479
0.422422        0.724253
0.423423        0.724238
0.424424        0.723955
0.425425        0.723889
0.426426        0.723764
0.427427        0.723504
0.428428        0.723544
0.429429        0.723221
0.43043         0.723189
0.431431        0.723055
0.432432        0.722776
0.433433        0.722855
0.434434        0.722475
0.435435        0.722498
0.436436        0.722321
0.437437        0.722063
0.438438        0.722152
0.439439        0.721738
0.44044         0.721822
0.441441        0.721577
0.442442        0.721382
0.443443        0.721437
0.444444        0.721019
0.445445        0.721147
0.446446        0.72083
0.447447        0.720715
0.448448        0.720704
0.449449        0.720321
0.45045         0.720458
0.451451        0.720095
0.452452        0.720056
0.453453        0.719967
0.454454        0.719648
0.455455        0.719758
0.456456        0.71938
0.457457        0.719395
0.458458        0.71923
0.459459        0.718985
0.46046         0.719046
0.461461        0.718682
0.462462        0.718725
0.463463        0.718508
0.464464        0.718329
0.465465        0.718336
0.466466        0.718002
0.467467        0.718048
0.468468        0.717799
0.469469        0.717671
0.47047         0.717628
0.471471        0.71733
0.472472        0.717371
0.473473        0.717102
0.474474        0.717015
0.475475        0.716931
0.476476        0.716663
0.477477        0.716699
0.478478        0.716412
0.479479        0.716361
0.48048         0.716239
0.481481        0.716001
0.482482        0.716031
0.483483        0.715727
0.484484        0.715718
0.485485        0.715548
0.486486        0.715353
0.487487        0.715365
0.488488        0.715048
0.489489        0.715085
0.49049         0.714853
0.491491        0.71472
0.492492        0.714695
0.493493        0.714384
0.494494        0.714456
0.495495        0.714162
0.496496        0.714109
0.497497        0.714014
0.498498        0.713746
0.499499        0.713821
0.500501        0.713478
0.501502        0.713512
0.502503        0.713321
0.503504        0.713136
0.504505        0.713174
0.505506        0.712818
0.506507        0.712919
0.507508        0.71263
0.508509        0.712553
0.50951         0.712504
0.510511        0.712193
0.511512        0.712312
0.512513        0.711951
0.513514        0.71199
0.514515        0.711822
0.515516        0.711608
0.516517        0.711685
0.517518        0.711303
0.518519        0.711425
0.51952         0.711138
0.520521        0.711054
0.521522        0.711031
0.522523        0.710701
0.523524        0.710843
0.524525        0.710475
0.525526        0.710521
0.526527        0.710361
0.527528        0.710143
0.528529        0.710235
0.52953         0.709847
0.530531        0.709984
0.531532        0.709694
0.532533        0.709619
0.533534        0.709601
0.534535        0.70927
0.535536        0.709426
0.536537        0.709053
0.537538        0.709112
0.538539        0.708952
0.53954         0.708742
0.540541        0.708838
0.541542        0.708456
0.542543        0.7086
0.543544        0.70831
0.544545        0.70825
0.545546        0.708225
0.546547        0.707913
0.547548        0.708066
0.548549        0.707699
0.54955         0.707772
0.550551        0.707602
0.551552        0.707417
0.552553        0.707504
0.553554        0.707136
0.554555        0.707287
0.555556        0.706994
0.556557        0.706955
0.557558        0.70692
0.558559        0.70663
0.55956         0.706777
0.560561        0.706423
0.561562        0.706506
0.562563        0.70633
0.563564        0.706174
0.564565        0.706243
0.565566        0.705902
0.566567        0.70605
0.567568        0.705761
0.568569        0.705746
0.56957         0.705693
0.570571        0.705438
0.571572        0.705571
0.572573        0.705236
0.573574        0.705329
0.574575        0.705145
0.575576        0.705022
0.576577        0.70507
0.577578        0.704762
0.578579        0.704906
0.57958         0.704623
0.580581        0.704633
0.581582        0.704564
0.582583        0.704343
0.583584        0.704464
0.584585        0.70415
0.585586        0.704249
0.586587        0.704068
0.587588        0.703972
0.588589        0.704002
0.58959         0.703736
0.590591        0.703862
0.591592        0.703599
0.592593        0.70363
0.593594        0.703539
0.594595        0.703369
0.595596        0.703466
0.596597        0.703179
0.597598        0.703293
0.598599        0.703101
0.5996          0.703042
0.600601        0.703059
0.601602        0.70282
0.602603        0.702946
0.603604        0.702701
0.604605        0.702742
0.605606        0.702653
0.606607        0.702516
0.607608        0.702592
0.608609        0.702349
0.60961         0.702454
0.610611        0.702272
0.611612        0.702247
0.612613        0.702239
0.613614        0.702049
0.614615        0.702162
0.615616        0.701936
0.616617        0.701998
0.617618        0.7019
0.618619        0.701802
0.61962         0.701861
0.620621        0.701653
0.621622        0.701759
0.622623        0.701585
0.623624        0.701593
0.624625        0.701567
0.625626        0.701418
0.626627        0.701524
0.627628        0.701313
0.628629        0.701397
0.62963         0.701296
0.630631        0.701223
0.631632        0.701286
0.632633        0.701099
0.633634        0.701202
0.634635        0.70106
0.635636        0.701063
0.636637        0.701047
0.637638        0.70094
0.638639        0.701006
0.63964         0.70086
0.640641        0.700928
0.641642        0.700822
0.642643        0.700817
0.643644        0.700819
0.644645        0.700696
0.645646        0.700802
0.646647        0.700635
0.647648        0.700708
0.648649        0.700654
0.64965         0.700571
0.650651        0.70067
0.651652        0.700496
0.652653        0.7006
0.653654        0.70051
0.654655        0.700483
0.655656        0.700529
0.656657        0.700406
0.657658        0.700493
0.658659        0.700389
0.65966         0.70042
0.660661        0.700393
0.661662        0.700349
0.662663        0.700391
0.663664        0.700295
0.664665        0.700366
0.665666        0.700279
0.666667        0.700305
0.667668        0.700297
0.668669        0.700232
0.66967         0.700304
0.670671        0.700199
0.671672        0.700264
0.672673        0.700213
0.673674        0.700199
0.674675        0.700231
0.675676        0.700152
0.676677        0.700223
0.677678        0.700139
0.678679        0.700187
0.67968         0.700155
0.680681        0.700129
0.681682        0.700183
0.682683        0.70008
0.683684        0.700181
0.684685        0.700088
0.685686        0.700116
0.686687        0.700147
0.687688        0.70004
0.688689        0.700166
0.68969         0.700046
0.690691        0.700097
0.691692        0.700116
0.692693        0.700022
0.693694        0.700136
0.694695        0.700033
0.695696        0.700071
0.696697        0.70009
0.697698        0.700021
0.698699        0.700089
0.6997          0.700045
0.700701        0.700038
0.701702        0.70007
0.702703        0.700032
0.703704        0.700036
0.704705        0.700069
0.705706        0.700004
0.706707        0.700057
0.707708        0.700045
0.708709        0.699988
0.70971         0.700093
0.710711        0.699975
0.711712        0.700048
0.712713        0.700053
0.713714        0.699956
0.714715        0.700106
0.715716        0.699955
0.716717        0.700042
0.717718        0.700053
0.718719        0.699942
0.71972         0.700105
0.720721        0.699949
0.721722        0.700035
0.722723        0.700046
0.723724        0.699944
0.724725        0.70009
0.725726        0.699957
0.726727        0.700025
0.727728        0.700038
0.728729        0.699957
0.72973         0.700064
0.730731        0.699974
0.731732        0.700012
0.732733        0.700031
0.733734        0.699972
0.734735        0.700037
0.735736        0.699995
0.736737        0.699997
0.737738        0.700027
0.738739        0.699983
0.73974         0.700015
0.740741        0.700012
0.741742        0.699984
0.742743        0.700027
0.743744        0.699989
0.744745        0.700001
0.745746        0.700022
0.746747        0.699976
0.747748        0.700027
0.748749        0.699992
0.74975         0.699996
0.750751        0.700023
0.751752        0.699976
0.752753        0.700023
0.753754        0.699994
0.754755        0.699995
0.755756        0.700018
0.756757        0.699983
0.757758        0.700014
0.758759        0.7
0.75976         0.699994
0.760761        0.700011
0.761762        0.699995
0.762763        0.699998
0.763764        0.700011
0.764765        0.699989
0.765766        0.700006
0.766767        0.700007
0.767768        0.699981
0.768769        0.700027
0.76977         0.699978
0.770771        0.700009
0.771772        0.700015
0.772773        0.699966
0.773774        0.700045
0.774775        0.699961
0.775776        0.700019
0.776777        0.700013
0.777778        0.699958
0.778779        0.700061
0.77978         0.699941
0.780781        0.700036
0.781782        0.700002
0.782783        0.69996
0.783784        0.70007
0.784785        0.699925
0.785786        0.700056
0.786787        0.699983
0.787788        0.699971
0.788789        0.700069
0.78979         0.699915
0.790791        0.700075
0.791792        0.699961
0.792793        0.699989
0.793794        0.700059
0.794795        0.699913
0.795796        0.700088
0.796797        0.69994
0.797798        0.700011
0.798799        0.700042
0.7998          0.69992
0.800801        0.700094
0.801802        0.699922
0.802803        0.700034
0.803804        0.700019
0.804805        0.699934
0.805806        0.700093
0.806807        0.69991
0.807808        0.700056
0.808809        0.699995
0.80981         0.699953
0.810811        0.700086
0.811812        0.699903
0.812813        0.700075
0.813814        0.699969
0.814815        0.699977
0.815816        0.700072
0.816817        0.699902
0.817818        0.700091
0.818819        0.699943
0.81982         0.700004
0.820821        0.700053
0.821822        0.699908
0.822823        0.7001
0.823824        0.69992
0.824825        0.700034
0.825826        0.700026
0.826827        0.699924
0.827828        0.700102
0.828829        0.6999
0.82983         0.700067
0.830831        0.699992
0.831832        0.699949
0.832833        0.700094
0.833834        0.699887
0.834835        0.700096
0.835836        0.699954
0.836837        0.699986
0.837838        0.70007
0.838839        0.699889
0.83984         0.700117
0.840841        0.699914
0.841842        0.700033
0.842843        0.70003
0.843844        0.699909
0.844845        0.700124
0.845846        0.699883
0.846847        0.700083
0.847848        0.699992
0.848849        0.700001
0.84985         0.700362
0.850851        0.701065
0.851852        0.705621
0.852853        0.723831
0.853854        0.784829
0.854855        0.896566
0.855856        0.959206
0.856857        0.88952
0.857858        0.778984
0.858859        0.722027
0.85986         0.704942
0.860861        0.701187
0.861862        0.700314
0.862863        0.700018
0.863864        0.700207
0.864865        0.699933
0.865866        0.700211
0.866867        0.700258
0.867868        0.701124
0.868869        0.705139
0.86987         0.721344
0.870871        0.776795
0.871872        0.883205
0.872873        0.952999
0.873874        0.894711
0.874875        0.785822
0.875876        0.724914
0.876877        0.70577
0.877878        0.701566
0.878879        0.700244
0.87988         0.700255
0.880881        0.700141
0.881882        0.700037
0.882883        0.700352
0.883884        0.700329
0.884885        0.702016
0.885886        0.707796
0.886887        0.731769
0.887888        0.801858
0.888889        0.907974
0.88989         0.943202
0.890891        0.859641
0.891892        0.762221
0.892893        0.716885
0.893894        0.704068
0.894895        0.701134
0.895896        0.700193
0.896897        0.700384
0.897898        0.700036
0.898899        0.700282
0.8999          0.700371
0.900901        0.70095
0.901902        0.704202
0.902903        0.716379
0.903904        0.759934
0.904905        0.853509
0.905906        0.935978
0.906907        0.905617
0.907908        0.802972
0.908909        0.733183
0.90991         0.708281
0.910911        0.70228
0.911912        0.700507
0.912913        0.700346
0.913914        0.70028
0.914915        0.700116
0.915916        0.700513
0.916917        0.70063
0.917918        0.70291
0.918919        0.711029
0.91992         0.741474
0.920921        0.819141
0.921922        0.914042
0.922923        0.921908
0.923924        0.831615
0.924925        0.748334
0.925926        0.713103
0.926927        0.703322
0.927928        0.701054
0.928929        0.700257
0.92993         0.70045
0.930931        0.700146
0.931932        0.70044
0.932933        0.700778
0.933934        0.702371
0.934935        0.709578
0.935936        0.735096
0.936937        0.804368
0.937938        0.898996
0.938939        0.921906
0.93994         0.842592
0.940941        0.75597
0.941942        0.716151
0.942943        0.704004
0.943944        0.701352
0.944945        0.700384
0.945946        0.70037
0.946947        0.70037
0.947948        0.700305
0.948949        0.701022
0.94995         0.702545
0.950951        0.71022
0.951952        0.736696
0.952953        0.805499
0.953954        0.89625
0.954955        0.91433
0.955956        0.83646
0.956957        0.753537
0.957958        0.715706
0.958959        0.704076
0.95996         0.701236
0.960961        0.700605
0.961962        0.70025
0.962963        0.700513
0.963964        0.700386
0.964965        0.701221
0.965966        0.703631
0.966967        0.713392
0.967968        0.7465
0.968969        0.821668
0.96997         0.90283
0.970971        0.898576
0.971972        0.814942
0.972973        0.742516
0.973974        0.712175
0.974975        0.703444
0.975976        0.70094
0.976977        0.700663
0.977978        0.700303
0.978979        0.700476
0.97998         0.700733
0.980981        0.701719
0.981982        0.706201
0.982983        0.721773
0.983984        0.768629
0.984985        0.852174
0.985986        0.907893
0.986987        0.867528
0.987988        0.781815
0.988989        0.727507
0.98999         0.707615
0.990991        0.702361
0.991992        0.700744
0.992993        0.700532
0.993994        0.700478
0.994995        0.700486
0.995996        0.701319
0.996997        0.703468
0.997998        0.71264
0.998999        0.741961
1               0.80963
