#====================================================
#   t = 0.3     rho_bar = 0.7     Viscosity = 0
#====================================================
#x              rho
#====================================================
0               0.7
0.001001        0.7
0.002002        0.7
0.003003        0.7
0.004004        0.7
0.00500501      0.7
0.00600601      0.7
0.00700701      0.7
0.00800801      0.7
0.00900901      0.7
0.01001         0.7
0.011011        0.7
0.012012        0.7
0.013013        0.7
0.014014        0.7
0.015015        0.7
0.016016        0.7
0.017017        0.7
0.018018        0.7
0.019019        0.7
0.02002         0.7
0.021021        0.7
0.022022        0.7
0.023023        0.7
0.024024        0.7
0.025025        0.700001
0.026026        0.700001
0.027027        0.700001
0.028028        0.700001
0.029029        0.700001
0.03003         0.700001
0.031031        0.700001
0.032032        0.700001
0.033033        0.700001
0.034034        0.700001
0.035035        0.700001
0.036036        0.700001
0.037037        0.700001
0.038038        0.700001
0.039039        0.700001
0.04004         0.700001
0.041041        0.700002
0.042042        0.700002
0.043043        0.700002
0.044044        0.700002
0.045045        0.700002
0.046046        0.700002
0.047047        0.700002
0.048048        0.700002
0.049049        0.700003
0.0500501       0.700003
0.0510511       0.700003
0.0520521       0.700003
0.0530531       0.700003
0.0540541       0.700004
0.0550551       0.700004
0.0560561       0.700004
0.0570571       0.700004
0.0580581       0.700005
0.0590591       0.700005
0.0600601       0.700005
0.0610611       0.700006
0.0620621       0.700006
0.0630631       0.700007
0.0640641       0.700007
0.0650651       0.700007
0.0660661       0.700008
0.0670671       0.700008
0.0680681       0.700009
0.0690691       0.70001
0.0700701       0.70001
0.0710711       0.700011
0.0720721       0.700011
0.0730731       0.700012
0.0740741       0.700013
0.0750751       0.700014
0.0760761       0.700015
0.0770771       0.700016
0.0780781       0.700017
0.0790791       0.700018
0.0800801       0.700019
0.0810811       0.70002
0.0820821       0.700021
0.0830831       0.700022
0.0840841       0.700024
0.0850851       0.700025
0.0860861       0.700027
0.0870871       0.700028
0.0880881       0.70003
0.0890891       0.700032
0.0900901       0.700034
0.0910911       0.700036
0.0920921       0.700038
0.0930931       0.70004
0.0940941       0.700042
0.0950951       0.700045
0.0960961       0.700048
0.0970971       0.70005
0.0980981       0.700053
0.0990991       0.700056
0.1001          0.70006
0.101101        0.700063
0.102102        0.700067
0.103103        0.700071
0.104104        0.700075
0.105105        0.700079
0.106106        0.700083
0.107107        0.700088
0.108108        0.700093
0.109109        0.700098
0.11011         0.700104
0.111111        0.700109
0.112112        0.700115
0.113113        0.700122
0.114114        0.700128
0.115115        0.700135
0.116116        0.700143
0.117117        0.700151
0.118118        0.700159
0.119119        0.700167
0.12012         0.700176
0.121121        0.700186
0.122122        0.700196
0.123123        0.700206
0.124124        0.700217
0.125125        0.700228
0.126126        0.70024
0.127127        0.700253
0.128128        0.700266
0.129129        0.70028
0.13013         0.700295
0.131131        0.70031
0.132132        0.700326
0.133133        0.700342
0.134134        0.70036
0.135135        0.700378
0.136136        0.700397
0.137137        0.700417
0.138138        0.700438
0.139139        0.70046
0.14014         0.700483
0.141141        0.700507
0.142142        0.700533
0.143143        0.700559
0.144144        0.700586
0.145145        0.700615
0.146146        0.700645
0.147147        0.700676
0.148148        0.700709
0.149149        0.700743
0.15015         0.700779
0.151151        0.700817
0.152152        0.700856
0.153153        0.700896
0.154154        0.700939
0.155155        0.700983
0.156156        0.701029
0.157157        0.701078
0.158158        0.701128
0.159159        0.701181
0.16016         0.701236
0.161161        0.701293
0.162162        0.701352
0.163163        0.701415
0.164164        0.701479
0.165165        0.701547
0.166166        0.701617
0.167167        0.701691
0.168168        0.701767
0.169169        0.701847
0.17017         0.70193
0.171171        0.702016
0.172172        0.702106
0.173173        0.7022
0.174174        0.702298
0.175175        0.702399
0.176176        0.702505
0.177177        0.702615
0.178178        0.70273
0.179179        0.70285
0.18018         0.702974
0.181181        0.703103
0.182182        0.703238
0.183183        0.703378
0.184184        0.703524
0.185185        0.703676
0.186186        0.703834
0.187187        0.703998
0.188188        0.704169
0.189189        0.704347
0.19019         0.704533
0.191191        0.704725
0.192192        0.704926
0.193193        0.705135
0.194194        0.705352
0.195195        0.705578
0.196196        0.705813
0.197197        0.706058
0.198198        0.706313
0.199199        0.706578
0.2002          0.706855
0.201201        0.707142
0.202202        0.707442
0.203203        0.707753
0.204204        0.708078
0.205205        0.708416
0.206206        0.708769
0.207207        0.709136
0.208208        0.709518
0.209209        0.709917
0.21021         0.710333
0.211211        0.710766
0.212212        0.711219
0.213213        0.71169
0.214214        0.712183
0.215215        0.712697
0.216216        0.713234
0.217217        0.713795
0.218218        0.714381
0.219219        0.714994
0.22022         0.715635
0.221221        0.716306
0.222222        0.717009
0.223223        0.717745
0.224224        0.718517
0.225225        0.719327
0.226226        0.720178
0.227227        0.721071
0.228228        0.72201
0.229229        0.722999
0.23023         0.72404
0.231231        0.725138
0.232232        0.726297
0.233233        0.727522
0.234234        0.728819
0.235235        0.730194
0.236236        0.731652
0.237237        0.733203
0.238238        0.734855
0.239239        0.736619
0.24024         0.738504
0.241241        0.740525
0.242242        0.742696
0.243243        0.745034
0.244244        0.747559
0.245245        0.750293
0.246246        0.753259
0.247247        0.756484
0.248248        0.759995
0.249249        0.763818
0.25025         0.767976
0.251251        0.772478
0.252252        0.777319
0.253253        0.782464
0.254254        0.787845
0.255255        0.793357
0.256256        0.798861
0.257257        0.804201
0.258258        0.809235
0.259259        0.813852
0.26026         0.817998
0.261261        0.82167
0.262262        0.824906
0.263263        0.82776
0.264264        0.83029
0.265265        0.832544
0.266266        0.83456
0.267267        0.836367
0.268268        0.837988
0.269269        0.839445
0.27027         0.840756
0.271271        0.841934
0.272272        0.842995
0.273273        0.843949
0.274274        0.844806
0.275275        0.845573
0.276276        0.84626
0.277277        0.846872
0.278278        0.847416
0.279279        0.847896
0.28028         0.848317
0.281281        0.848683
0.282282        0.848998
0.283283        0.849265
0.284284        0.849488
0.285285        0.849669
0.286286        0.849811
0.287287        0.849915
0.288288        0.849985
0.289289        0.850021
0.29029         0.850027
0.291291        0.850003
0.292292        0.849951
0.293293        0.849872
0.294294        0.849768
0.295295        0.84964
0.296296        0.849489
0.297297        0.849316
0.298298        0.849122
0.299299        0.848908
0.3003          0.848675
0.301301        0.848424
0.302302        0.848155
0.303303        0.84787
0.304304        0.847568
0.305305        0.847251
0.306306        0.846919
0.307307        0.846573
0.308308        0.846214
0.309309        0.845841
0.31031         0.845455
0.311311        0.845057
0.312312        0.844647
0.313313        0.844226
0.314314        0.843794
0.315315        0.843351
0.316316        0.842898
0.317317        0.842435
0.318318        0.841963
0.319319        0.841481
0.32032         0.840991
0.321321        0.840492
0.322322        0.839984
0.323323        0.839469
0.324324        0.838946
0.325325        0.838415
0.326326        0.837877
0.327327        0.837331
0.328328        0.836779
0.329329        0.836221
0.33033         0.835656
0.331331        0.835084
0.332332        0.834507
0.333333        0.833924
0.334334        0.833335
0.335335        0.832741
0.336336        0.832141
0.337337        0.831536
0.338338        0.830926
0.339339        0.830312
0.34034         0.829692
0.341341        0.829068
0.342342        0.82844
0.343343        0.827807
0.344344        0.827171
0.345345        0.82653
0.346346        0.825885
0.347347        0.825237
0.348348        0.824585
0.349349        0.823929
0.35035         0.82327
0.351351        0.822608
0.352352        0.821943
0.353353        0.821274
0.354354        0.820603
0.355355        0.819928
0.356356        0.819251
0.357357        0.818571
0.358358        0.817888
0.359359        0.817203
0.36036         0.816516
0.361361        0.815826
0.362362        0.815134
0.363363        0.81444
0.364364        0.813743
0.365365        0.813045
0.366366        0.812345
0.367367        0.811643
0.368368        0.810939
0.369369        0.810233
0.37037         0.809526
0.371371        0.808817
0.372372        0.808107
0.373373        0.807395
0.374374        0.806682
0.375375        0.805968
0.376376        0.805253
0.377377        0.804536
0.378378        0.803818
0.379379        0.8031
0.38038         0.80238
0.381381        0.801659
0.382382        0.800938
0.383383        0.800216
0.384384        0.799493
0.385385        0.79877
0.386386        0.798046
0.387387        0.797321
0.388388        0.796596
0.389389        0.79587
0.39039         0.795144
0.391391        0.794418
0.392392        0.793692
0.393393        0.792965
0.394394        0.792238
0.395395        0.791512
0.396396        0.790785
0.397397        0.790058
0.398398        0.789331
0.399399        0.788604
0.4004          0.787878
0.401401        0.787152
0.402402        0.786426
0.403403        0.7857
0.404404        0.784974
0.405405        0.78425
0.406406        0.783525
0.407407        0.782801
0.408408        0.782078
0.409409        0.781355
0.41041         0.780633
0.411411        0.779912
0.412412        0.779191
0.413413        0.778471
0.414414        0.777752
0.415415        0.777034
0.416416        0.776317
0.417417        0.775601
0.418418        0.774886
0.419419        0.774172
0.42042         0.773459
0.421421        0.772748
0.422422        0.772037
0.423423        0.771328
0.424424        0.77062
0.425425        0.769914
0.426426        0.769209
0.427427        0.768506
0.428428        0.767804
0.429429        0.767103
0.43043         0.766404
0.431431        0.765707
0.432432        0.765012
0.433433        0.764318
0.434434        0.763626
0.435435        0.762936
0.436436        0.762247
0.437437        0.761561
0.438438        0.760877
0.439439        0.760194
0.44044         0.759514
0.441441        0.758836
0.442442        0.75816
0.443443        0.757486
0.444444        0.756814
0.445445        0.756145
0.446446        0.755478
0.447447        0.754814
0.448448        0.754152
0.449449        0.753492
0.45045         0.752835
0.451451        0.75218
0.452452        0.751528
0.453453        0.750879
0.454454        0.750233
0.455455        0.749589
0.456456        0.748948
0.457457        0.74831
0.458458        0.747675
0.459459        0.747042
0.46046         0.746413
0.461461        0.745787
0.462462        0.745164
0.463463        0.744544
0.464464        0.743927
0.465465        0.743313
0.466466        0.742703
0.467467        0.742096
0.468468        0.741492
0.469469        0.740892
0.47047         0.740295
0.471471        0.739702
0.472472        0.739112
0.473473        0.738526
0.474474        0.737943
0.475475        0.737365
0.476476        0.73679
0.477477        0.736218
0.478478        0.735651
0.479479        0.735087
0.48048         0.734527
0.481481        0.733972
0.482482        0.73342
0.483483        0.732872
0.484484        0.732329
0.485485        0.731789
0.486486        0.731254
0.487487        0.730723
0.488488        0.730196
0.489489        0.729673
0.49049         0.729155
0.491491        0.728641
0.492492        0.728132
0.493493        0.727627
0.494494        0.727126
0.495495        0.72663
0.496496        0.726139
0.497497        0.725652
0.498498        0.72517
0.499499        0.724693
0.500501        0.72422
0.501502        0.723753
0.502503        0.723289
0.503504        0.722831
0.504505        0.722378
0.505506        0.721929
0.506507        0.721486
0.507508        0.721047
0.508509        0.720613
0.50951         0.720185
0.510511        0.719761
0.511512        0.719342
0.512513        0.718929
0.513514        0.71852
0.514515        0.718117
0.515516        0.717719
0.516517        0.717326
0.517518        0.716938
0.518519        0.716556
0.51952         0.716178
0.520521        0.715806
0.521522        0.715439
0.522523        0.715077
0.523524        0.714721
0.524525        0.71437
0.525526        0.714024
0.526527        0.713683
0.527528        0.713347
0.528529        0.713017
0.52953         0.712692
0.530531        0.712373
0.531532        0.712058
0.532533        0.711749
0.533534        0.711445
0.534535        0.711147
0.535536        0.710853
0.536537        0.710565
0.537538        0.710282
0.538539        0.710004
0.53954         0.709732
0.540541        0.709464
0.541542        0.709202
0.542543        0.708944
0.543544        0.708692
0.544545        0.708445
0.545546        0.708203
0.546547        0.707965
0.547548        0.707733
0.548549        0.707505
0.54955         0.707283
0.550551        0.707065
0.551552        0.706852
0.552553        0.706644
0.553554        0.70644
0.554555        0.706241
0.555556        0.706047
0.556557        0.705857
0.557558        0.705672
0.558559        0.705491
0.55956         0.705315
0.560561        0.705143
0.561562        0.704975
0.562563        0.704812
0.563564        0.704652
0.564565        0.704497
0.565566        0.704346
0.566567        0.704199
0.567568        0.704055
0.568569        0.703916
0.56957         0.703781
0.570571        0.703649
0.571572        0.703521
0.572573        0.703396
0.573574        0.703275
0.574575        0.703158
0.575576        0.703044
0.576577        0.702934
0.577578        0.702826
0.578579        0.702722
0.57958         0.702621
0.580581        0.702524
0.581582        0.702429
0.582583        0.702337
0.583584        0.702248
0.584585        0.702162
0.585586        0.702079
0.586587        0.701998
0.587588        0.70192
0.588589        0.701845
0.58959         0.701772
0.590591        0.701702
0.591592        0.701634
0.592593        0.701568
0.593594        0.701505
0.594595        0.701444
0.595596        0.701385
0.596597        0.701328
0.597598        0.701273
0.598599        0.70122
0.5996          0.701169
0.600601        0.70112
0.601602        0.701073
0.602603        0.701027
0.603604        0.700983
0.604605        0.700941
0.605606        0.700901
0.606607        0.700861
0.607608        0.700824
0.608609        0.700788
0.60961         0.700753
0.610611        0.70072
0.611612        0.700688
0.612613        0.700657
0.613614        0.700628
0.614615        0.700599
0.615616        0.700572
0.616617        0.700546
0.617618        0.700521
0.618619        0.700497
0.61962         0.700474
0.620621        0.700452
0.621622        0.700431
0.622623        0.700411
0.623624        0.700392
0.624625        0.700373
0.625626        0.700355
0.626627        0.700338
0.627628        0.700322
0.628629        0.700307
0.62963         0.700292
0.630631        0.700278
0.631632        0.700264
0.632633        0.700251
0.633634        0.700239
0.634635        0.700227
0.635636        0.700216
0.636637        0.700205
0.637638        0.700195
0.638639        0.700185
0.63964         0.700176
0.640641        0.700167
0.641642        0.700158
0.642643        0.70015
0.643644        0.700143
0.644645        0.700135
0.645646        0.700128
0.646647        0.700122
0.647648        0.700115
0.648649        0.700109
0.64965         0.700104
0.650651        0.700098
0.651652        0.700093
0.652653        0.700088
0.653654        0.700083
0.654655        0.700079
0.655656        0.700075
0.656657        0.700071
0.657658        0.700067
0.658659        0.700063
0.65966         0.70006
0.660661        0.700057
0.661662        0.700054
0.662663        0.700051
0.663664        0.700048
0.664665        0.700045
0.665666        0.700043
0.666667        0.70004
0.667668        0.700038
0.668669        0.700036
0.66967         0.700034
0.670671        0.700032
0.671672        0.70003
0.672673        0.700028
0.673674        0.700027
0.674675        0.700025
0.675676        0.700024
0.676677        0.700022
0.677678        0.700021
0.678679        0.70002
0.67968         0.700019
0.680681        0.700018
0.681682        0.700017
0.682683        0.700016
0.683684        0.700015
0.684685        0.700014
0.685686        0.700013
0.686687        0.700012
0.687688        0.700012
0.688689        0.700011
0.68969         0.70001
0.690691        0.70001
0.691692        0.700009
0.692693        0.700008
0.693694        0.700008
0.694695        0.700007
0.695696        0.700007
0.696697        0.700007
0.697698        0.700006
0.698699        0.700006
0.6997          0.700005
0.700701        0.700005
0.701702        0.700005
0.702703        0.700004
0.703704        0.700004
0.704705        0.700004
0.705706        0.700004
0.706707        0.700003
0.707708        0.700003
0.708709        0.700003
0.70971         0.700003
0.710711        0.700003
0.711712        0.700002
0.712713        0.700002
0.713714        0.700002
0.714715        0.700002
0.715716        0.700002
0.716717        0.700002
0.717718        0.700002
0.718719        0.700002
0.71972         0.700001
0.720721        0.700001
0.721722        0.700001
0.722723        0.700001
0.723724        0.700001
0.724725        0.700001
0.725726        0.700001
0.726727        0.700001
0.727728        0.700001
0.728729        0.700001
0.72973         0.700001
0.730731        0.700001
0.731732        0.700001
0.732733        0.700001
0.733734        0.700001
0.734735        0.700001
0.735736        0.7
0.736737        0.7
0.737738        0.7
0.738739        0.7
0.73974         0.7
0.740741        0.7
0.741742        0.7
0.742743        0.7
0.743744        0.7
0.744745        0.7
0.745746        0.7
0.746747        0.7
0.747748        0.7
0.748749        0.7
0.74975         0.7
0.750751        0.7
0.751752        0.7
0.752753        0.7
0.753754        0.7
0.754755        0.7
0.755756        0.7
0.756757        0.7
0.757758        0.7
0.758759        0.7
0.75976         0.7
0.760761        0.7
0.761762        0.7
0.762763        0.7
0.763764        0.7
0.764765        0.7
0.765766        0.7
0.766767        0.7
0.767768        0.7
0.768769        0.7
0.76977         0.7
0.770771        0.7
0.771772        0.7
0.772773        0.7
0.773774        0.7
0.774775        0.7
0.775776        0.7
0.776777        0.7
0.777778        0.7
0.778779        0.7
0.77978         0.7
0.780781        0.7
0.781782        0.7
0.782783        0.7
0.783784        0.7
0.784785        0.7
0.785786        0.7
0.786787        0.7
0.787788        0.7
0.788789        0.7
0.78979         0.7
0.790791        0.7
0.791792        0.7
0.792793        0.7
0.793794        0.7
0.794795        0.7
0.795796        0.7
0.796797        0.7
0.797798        0.7
0.798799        0.7
0.7998          0.7
0.800801        0.7
0.801802        0.7
0.802803        0.7
0.803804        0.7
0.804805        0.7
0.805806        0.7
0.806807        0.7
0.807808        0.7
0.808809        0.7
0.80981         0.7
0.810811        0.7
0.811812        0.7
0.812813        0.7
0.813814        0.7
0.814815        0.7
0.815816        0.7
0.816817        0.7
0.817818        0.7
0.818819        0.7
0.81982         0.7
0.820821        0.7
0.821822        0.7
0.822823        0.7
0.823824        0.7
0.824825        0.7
0.825826        0.7
0.826827        0.7
0.827828        0.7
0.828829        0.7
0.82983         0.7
0.830831        0.7
0.831832        0.7
0.832833        0.7
0.833834        0.7
0.834835        0.7
0.835836        0.7
0.836837        0.7
0.837838        0.7
0.838839        0.7
0.83984         0.7
0.840841        0.7
0.841842        0.7
0.842843        0.7
0.843844        0.7
0.844845        0.7
0.845846        0.7
0.846847        0.7
0.847848        0.7
0.848849        0.7
0.84985         0.7
0.850851        0.7
0.851852        0.7
0.852853        0.7
0.853854        0.7
0.854855        0.7
0.855856        0.7
0.856857        0.7
0.857858        0.7
0.858859        0.7
0.85986         0.7
0.860861        0.7
0.861862        0.7
0.862863        0.7
0.863864        0.7
0.864865        0.7
0.865866        0.7
0.866867        0.7
0.867868        0.7
0.868869        0.7
0.86987         0.7
0.870871        0.7
0.871872        0.7
0.872873        0.7
0.873874        0.7
0.874875        0.7
0.875876        0.7
0.876877        0.7
0.877878        0.7
0.878879        0.7
0.87988         0.7
0.880881        0.7
0.881882        0.7
0.882883        0.7
0.883884        0.7
0.884885        0.7
0.885886        0.7
0.886887        0.7
0.887888        0.7
0.888889        0.7
0.88989         0.7
0.890891        0.7
0.891892        0.7
0.892893        0.7
0.893894        0.7
0.894895        0.7
0.895896        0.7
0.896897        0.7
0.897898        0.7
0.898899        0.7
0.8999          0.7
0.900901        0.7
0.901902        0.7
0.902903        0.7
0.903904        0.7
0.904905        0.7
0.905906        0.7
0.906907        0.7
0.907908        0.7
0.908909        0.7
0.90991         0.7
0.910911        0.7
0.911912        0.7
0.912913        0.7
0.913914        0.7
0.914915        0.7
0.915916        0.7
0.916917        0.7
0.917918        0.7
0.918919        0.7
0.91992         0.7
0.920921        0.7
0.921922        0.7
0.922923        0.7
0.923924        0.7
0.924925        0.7
0.925926        0.7
0.926927        0.7
0.927928        0.7
0.928929        0.7
0.92993         0.7
0.930931        0.7
0.931932        0.7
0.932933        0.7
0.933934        0.7
0.934935        0.7
0.935936        0.7
0.936937        0.7
0.937938        0.7
0.938939        0.7
0.93994         0.7
0.940941        0.7
0.941942        0.7
0.942943        0.7
0.943944        0.7
0.944945        0.7
0.945946        0.7
0.946947        0.7
0.947948        0.7
0.948949        0.7
0.94995         0.7
0.950951        0.7
0.951952        0.7
0.952953        0.7
0.953954        0.7
0.954955        0.7
0.955956        0.7
0.956957        0.7
0.957958        0.7
0.958959        0.7
0.95996         0.7
0.960961        0.7
0.961962        0.7
0.962963        0.7
0.963964        0.7
0.964965        0.7
0.965966        0.7
0.966967        0.7
0.967968        0.7
0.968969        0.7
0.96997         0.7
0.970971        0.7
0.971972        0.7
0.972973        0.7
0.973974        0.7
0.974975        0.7
0.975976        0.7
0.976977        0.7
0.977978        0.7
0.978979        0.7
0.97998         0.7
0.980981        0.7
0.981982        0.7
0.982983        0.7
0.983984        0.7
0.984985        0.7
0.985986        0.7
0.986987        0.7
0.987988        0.7
0.988989        0.7
0.98999         0.7
0.990991        0.7
0.991992        0.7
0.992993        0.7
0.993994        0.7
0.994995        0.7
0.995996        0.7
0.996997        0.7
0.997998        0.7
0.998999        0.7
1               0.7
