#====================================================
#   t = 5       rho_bar = 0.7     Viscosity = 0
#====================================================
#x              rho
#====================================================
0               0.8303
0.001001        0.835933
0.002002        0.79383
0.003003        0.745541
0.004004        0.717425
0.00500501      0.706393
0.00600601      0.702377
0.00700701      0.701095
0.00800801      0.700846
0.00900901      0.700567
0.01001         0.700598
0.011011        0.700626
0.012012        0.700533
0.013013        0.700578
0.014014        0.700657
0.015015        0.700627
0.016016        0.70096
0.017017        0.701802
0.018018        0.704026
0.019019        0.711332
0.02002         0.729914
0.021021        0.768332
0.022022        0.816411
0.023023        0.834371
0.024024        0.803529
0.025025        0.755045
0.026026        0.722672
0.027027        0.708502
0.028028        0.702989
0.029029        0.701543
0.03003         0.700832
0.031031        0.700574
0.032032        0.700757
0.033033        0.700461
0.034034        0.700643
0.035035        0.700615
0.036036        0.700538
0.037037        0.700831
0.038038        0.700957
0.039039        0.701983
0.04004         0.704691
0.041041        0.712466
0.042042        0.732313
0.043043        0.770734
0.044044        0.815241
0.045045        0.828233
0.046046        0.796101
0.047047        0.750624
0.048048        0.721081
0.049049        0.707927
0.0500501       0.702981
0.0510511       0.701524
0.0520521       0.70076
0.0530531       0.700722
0.0540541       0.70064
0.0550551       0.700498
0.0560561       0.700725
0.0570571       0.70051
0.0580581       0.700719
0.0590591       0.700896
0.0600601       0.701264
0.0610611       0.703068
0.0620621       0.707251
0.0630631       0.719262
0.0640641       0.746056
0.0650651       0.788223
0.0660661       0.821718
0.0670671       0.813946
0.0680681       0.773643
0.0690691       0.735099
0.0700701       0.714056
0.0710711       0.705445
0.0720721       0.702137
0.0730731       0.701247
0.0740741       0.700692
0.0750751       0.70071
0.0760761       0.700604
0.0770771       0.700556
0.0780781       0.700724
0.0790791       0.700551
0.0800801       0.700941
0.0810811       0.701225
0.0820821       0.702542
0.0830831       0.706331
0.0840841       0.715845
0.0850851       0.738529
0.0860861       0.776482
0.0870871       0.812524
0.0880881       0.814508
0.0890891       0.780343
0.0900901       0.741422
0.0910911       0.717284
0.0920921       0.706894
0.0930931       0.70273
0.0940941       0.701329
0.0950951       0.700966
0.0960961       0.700515
0.0970971       0.700805
0.0980981       0.700527
0.0990991       0.700615
0.1001          0.700846
0.101101        0.700712
0.102102        0.701651
0.103103        0.702957
0.104104        0.707425
0.105105        0.718622
0.106106        0.7426
0.107107        0.78033
0.108108        0.810575
0.109109        0.806528
0.11011         0.771683
0.111111        0.736243
0.112112        0.715357
0.113113        0.705996
0.114114        0.702733
0.115115        0.701165
0.116116        0.70092
0.117117        0.700708
0.118118        0.700567
0.119119        0.700745
0.12012         0.700585
0.121121        0.700883
0.122122        0.701148
0.123123        0.702194
0.124124        0.705052
0.125125        0.712127
0.126126        0.729075
0.127127        0.759528
0.128128        0.795037
0.129129        0.808537
0.13013         0.786947
0.131131        0.750853
0.132132        0.723394
0.133133        0.70988
0.134134        0.70396
0.135135        0.701822
0.136136        0.701184
0.137137        0.700598
0.138138        0.700842
0.139139        0.700548
0.14014         0.700708
0.141141        0.700892
0.142142        0.701045
0.143143        0.702285
0.144144        0.704607
0.145145        0.711317
0.146146        0.726306
0.147147        0.754068
0.148148        0.787855
0.149149        0.803826
0.15015         0.787195
0.151151        0.753338
0.152152        0.725877
0.153153        0.711009
0.154154        0.704687
0.155155        0.702072
0.156156        0.701184
0.157157        0.700852
0.158158        0.700634
0.159159        0.700768
0.16016         0.700657
0.161161        0.700956
0.162162        0.701392
0.163163        0.702705
0.164164        0.706081
0.165165        0.71415
0.166166        0.731723
0.167167        0.760612
0.168168        0.790399
0.169169        0.797845
0.17017         0.776297
0.171171        0.744457
0.172172        0.721088
0.173173        0.709241
0.174174        0.703812
0.175175        0.702001
0.176176        0.701057
0.177177        0.700773
0.178178        0.700828
0.179179        0.700575
0.18018         0.700995
0.181181        0.701119
0.182182        0.702178
0.183183        0.704607
0.184184        0.710226
0.185185        0.723455
0.186186        0.746708
0.187187        0.776763
0.188188        0.793903
0.189189        0.783611
0.19019         0.75521
0.191191        0.728437
0.192192        0.713324
0.193193        0.705444
0.194194        0.702729
0.195195        0.701477
0.196196        0.700684
0.197197        0.701123
0.198198        0.700406
0.199199        0.70113
0.2002          0.70118
0.201201        0.702075
0.202202        0.704845
0.203203        0.709782
0.204204        0.722668
0.205205        0.744041
0.206206        0.772127
0.207207        0.789147
0.208208        0.780754
0.209209        0.755135
0.21021         0.729182
0.211211        0.714088
0.212212        0.705997
0.213213        0.702888
0.214214        0.701654
0.215215        0.70077
0.216216        0.701088
0.217217        0.700576
0.218218        0.701161
0.219219        0.70148
0.22022         0.702727
0.221221        0.706094
0.222222        0.712719
0.223223        0.727414
0.224224        0.75025
0.225225        0.775201
0.226226        0.784991
0.227227        0.771145
0.228228        0.745846
0.229229        0.723786
0.23023         0.711331
0.231231        0.705163
0.232232        0.702378
0.233233        0.701566
0.234234        0.700852
0.235235        0.700883
0.236236        0.70105
0.237237        0.701183
0.238238        0.702439
0.239239        0.70452
0.24024         0.709709
0.241241        0.720647
0.242242        0.739257
0.243243        0.763504
0.244244        0.779452
0.245245        0.775129
0.246246        0.753933
0.247247        0.730816
0.248248        0.715529
0.249249        0.707063
0.25025         0.703557
0.251251        0.701796
0.252252        0.701107
0.253253        0.701101
0.254254        0.700826
0.255255        0.701558
0.256256        0.702231
0.257257        0.704554
0.258258        0.70959
0.259259        0.719328
0.26026         0.73709
0.261261        0.758892
0.262262        0.774856
0.263263        0.772164
0.264264        0.75328
0.265265        0.73192
0.266266        0.716069
0.267267        0.708032
0.268268        0.703739
0.269269        0.701972
0.27027         0.701447
0.271271        0.70085
0.272272        0.701353
0.273273        0.701541
0.274274        0.702923
0.275275        0.705778
0.276276        0.711468
0.277277        0.723182
0.278278        0.740804
0.279279        0.761185
0.28028         0.771775
0.281281        0.764874
0.282282        0.746056
0.283283        0.726475
0.284284        0.713958
0.285285        0.706628
0.286286        0.703378
0.287287        0.702064
0.288288        0.701074
0.289289        0.701429
0.29029         0.701383
0.291291        0.702402
0.292292        0.7046
0.293293        0.708661
0.294294        0.71761
0.295295        0.731793
0.296296        0.750677
0.297297        0.765357
0.298298        0.765855
0.299299        0.752176
0.3003          0.733112
0.301301        0.718444
0.302302        0.70928
0.303303        0.704707
0.304304        0.702667
0.305305        0.701466
0.306306        0.701545
0.307307        0.701499
0.308308        0.702481
0.309309        0.704543
0.31031         0.708417
0.311311        0.716661
0.312312        0.729559
0.313313        0.74683
0.314314        0.760776
0.315315        0.762503
0.316316        0.751086
0.317317        0.733581
0.318318        0.719408
0.319319        0.710091
0.32032         0.705191
0.321321        0.703057
0.322322        0.701665
0.323323        0.70177
0.324324        0.701891
0.325325        0.702963
0.326326        0.705646
0.327327        0.710159
0.328328        0.719267
0.329329        0.732634
0.33033         0.748246
0.331331        0.758836
0.332332        0.756955
0.333333        0.744603
0.334334        0.728855
0.335335        0.716484
0.336336        0.708879
0.337337        0.704722
0.338338        0.7028
0.339339        0.701971
0.34034         0.702032
0.341341        0.702632
0.342342        0.704577
0.343343        0.70818
0.344344        0.714896
0.345345        0.726014
0.346346        0.739786
0.347347        0.752278
0.348348        0.755476
0.349349        0.747638
0.35035         0.734079
0.351351        0.72054
0.352352        0.71187
0.353353        0.706403
0.354354        0.703534
0.355355        0.702804
0.356356        0.702038
0.357357        0.703002
0.358358        0.70468
0.359359        0.707798
0.36036         0.714498
0.361361        0.723943
0.362362        0.736781
0.363363        0.74814
0.364364        0.751707
0.365365        0.745991
0.366366        0.733573
0.367367        0.721461
0.368368        0.712605
0.369369        0.70698
0.37037         0.70433
0.371371        0.702944
0.372372        0.702719
0.373373        0.70359
0.374374        0.70547
0.375375        0.709356
0.376376        0.716064
0.377377        0.725762
0.378378        0.737318
0.379379        0.746272
0.38038         0.747597
0.381381        0.740908
0.382382        0.729576
0.383383        0.718919
0.384384        0.711454
0.385385        0.706565
0.386386        0.704374
0.387387        0.703372
0.388388        0.703391
0.389389        0.704944
0.39039         0.707452
0.391391        0.71257
0.392392        0.720237
0.393393        0.729996
0.394394        0.739718
0.395395        0.74427
0.396396        0.741863
0.397397        0.733338
0.398398        0.72311
0.399399        0.714897
0.4004          0.708921
0.401401        0.705867
0.402402        0.704305
0.403403        0.703918
0.404404        0.705156
0.405405        0.707244
0.406406        0.711615
0.407407        0.71821
0.408408        0.726531
0.409409        0.735295
0.41041         0.740267
0.411411        0.739417
0.412412        0.733061
0.413413        0.724139
0.414414        0.716281
0.415415        0.710457
0.416416        0.706937
0.417417        0.705303
0.418418        0.704934
0.419419        0.705889
0.42042         0.708303
0.421421        0.712391
0.422422        0.718451
0.423423        0.72595
0.424424        0.732885
0.425425        0.736742
0.426426        0.735551
0.427427        0.729906
0.428428        0.722561
0.429429        0.715678
0.43043         0.710716
0.431431        0.707702
0.432432        0.706251
0.433433        0.706329
0.434434        0.707569
0.435435        0.710356
0.436436        0.714667
0.437437        0.720332
0.438438        0.726568
0.439439        0.73129
0.44044         0.73291
0.441441        0.73051
0.442442        0.725275
0.443443        0.719356
0.444444        0.714057
0.445445        0.710486
0.446446        0.708411
0.447447        0.707725
0.448448        0.708517
0.449449        0.710308
0.45045         0.713553
0.451451        0.717787
0.452452        0.722364
0.453453        0.726482
0.454454        0.728384
0.455455        0.727728
0.456456        0.724686
0.457457        0.720323
0.458458        0.716227
0.459459        0.712886
0.46046         0.71083
0.461461        0.710061
0.462462        0.710312
0.463463        0.711713
0.464464        0.713924
0.465465        0.716769
0.466466        0.719826
0.467467        0.722295
0.468468        0.723658
0.469469        0.723426
0.47047         0.721794
0.471471        0.71935
0.472472        0.716726
0.473473        0.714549
0.474474        0.713092
0.475475        0.712425
0.476476        0.712563
0.477477        0.713371
0.478478        0.714629
0.479479        0.716208
0.48048         0.717696
0.481481        0.718825
0.482482        0.719423
0.483483        0.719212
0.484484        0.718485
0.485485        0.717372
0.486486        0.716072
0.487487        0.715091
0.488488        0.71427
0.489489        0.713883
0.49049         0.713965
0.491491        0.714141
0.492492        0.714765
0.493493        0.715317
0.494494        0.715788
0.495495        0.7163
0.496496        0.716288
0.497497        0.716284
0.498498        0.715986
0.499499        0.71543
0.500501        0.715125
0.501502        0.714549
0.502503        0.714262
0.503504        0.714145
0.504505        0.713908
0.505506        0.714098
0.506507        0.714109
0.507508        0.714201
0.508509        0.71443
0.50951         0.714349
0.510511        0.714441
0.511512        0.714347
0.512513        0.714165
0.513514        0.714073
0.514515        0.713834
0.515516        0.713691
0.516517        0.713538
0.517518        0.713428
0.518519        0.713422
0.51952         0.713691
0.520521        0.714985
0.521522        0.720219
0.522523        0.739656
0.523524        0.795527
0.524525        0.888898
0.525526        0.93948
0.526527        0.883828
0.527528        0.791039
0.528529        0.737613
0.52953         0.719488
0.530531        0.714403
0.531532        0.713168
0.532533        0.71274
0.533534        0.712521
0.534535        0.712541
0.535536        0.71231
0.536537        0.71234
0.537538        0.712237
0.538539        0.712099
0.53954         0.712171
0.540541        0.711943
0.541542        0.711996
0.542543        0.71187
0.543544        0.711742
0.544545        0.711806
0.545546        0.711615
0.546547        0.711977
0.547548        0.71295
0.548549        0.717448
0.54955         0.734608
0.550551        0.785378
0.551552        0.876732
0.552553        0.935411
0.553554        0.889224
0.554555        0.796148
0.555556        0.738582
0.556557        0.718502
0.557558        0.712695
0.558559        0.71139
0.55956         0.710926
0.560561        0.710715
0.561562        0.710749
0.562563        0.710503
0.563564        0.710589
0.564565        0.71038
0.565566        0.710358
0.566567        0.710315
0.567568        0.710098
0.568569        0.710245
0.56957         0.70992
0.570571        0.710035
0.571572        0.709925
0.572573        0.709815
0.573574        0.710396
0.574575        0.711499
0.575576        0.717715
0.576577        0.739289
0.577578        0.799116
0.578579        0.891475
0.57958         0.930518
0.580581        0.867167
0.581582        0.77791
0.582583        0.730467
0.583584        0.714838
0.584585        0.710422
0.585586        0.709608
0.586587        0.708976
0.587588        0.709065
0.588589        0.708905
0.58959         0.708726
0.590591        0.708879
0.591592        0.708498
0.592593        0.708712
0.593594        0.708453
0.594595        0.708413
0.595596        0.70847
0.596597        0.708122
0.597598        0.708394
0.598599        0.708048
0.5996          0.708332
0.600601        0.708871
0.601602        0.711197
0.602603        0.72135
0.603604        0.754097
0.604605        0.830694
0.605606        0.913972
0.606607        0.912436
0.607608        0.827703
0.608609        0.752296
0.60961         0.720637
0.610611        0.710533
0.611612        0.708404
0.612613        0.707653
0.613614        0.707161
0.614615        0.707558
0.615616        0.706936
0.616617        0.707233
0.617618        0.707072
0.618619        0.706803
0.61962         0.707119
0.620621        0.706609
0.621622        0.706898
0.622623        0.706639
0.623624        0.706564
0.624625        0.706715
0.625626        0.706402
0.626627        0.707056
0.627628        0.708023
0.628629        0.713598
0.62963         0.733178
0.630631        0.788448
0.631632        0.878233
0.632633        0.922699
0.633634        0.866722
0.634635        0.77824
0.635636        0.728904
0.636637        0.71205
0.637638        0.707237
0.638639        0.706475
0.63964         0.705595
0.640641        0.705908
0.641642        0.7056
0.642643        0.705489
0.643644        0.705704
0.644645        0.705213
0.645646        0.705595
0.646647        0.705179
0.647648        0.705294
0.648649        0.705276
0.64965         0.704938
0.650651        0.705328
0.651652        0.70483
0.652653        0.705405
0.653654        0.70615
0.654655        0.709733
0.655656        0.724396
0.656657        0.767456
0.657658        0.85195
0.658659        0.916336
0.65966         0.884374
0.660661        0.796227
0.661662        0.735409
0.662663        0.713482
0.663664        0.706245
0.664665        0.705153
0.665666        0.704514
0.666667        0.704064
0.667668        0.70463
0.668669        0.703786
0.66967         0.704392
0.670671        0.703953
0.671672        0.703925
0.672673        0.704144
0.673674        0.703603
0.674675        0.704104
0.675676        0.703518
0.676677        0.703871
0.677678        0.703668
0.678679        0.703797
0.67968         0.704956
0.680681        0.708053
0.681682        0.722115
0.682683        0.763204
0.683684        0.845081
0.684685        0.910829
0.685686        0.883007
0.686687        0.79701
0.687688        0.735327
0.688689        0.712654
0.68969         0.705161
0.690691        0.703813
0.691692        0.703416
0.692693        0.702664
0.693694        0.703461
0.694695        0.702589
0.695696        0.702956
0.696697        0.703017
0.697698        0.702386
0.698699        0.703115
0.6997          0.702401
0.700701        0.702676
0.701702        0.702729
0.702703        0.702283
0.703704        0.702873
0.704705        0.702638
0.705706        0.704144
0.706707        0.708801
0.707708        0.725904
0.708709        0.775343
0.70971         0.858828
0.710711        0.908874
0.711712        0.863216
0.712713        0.779084
0.713714        0.727361
0.714715        0.70905
0.715716        0.703991
0.716717        0.702311
0.717718        0.702374
0.718719        0.701791
0.71972         0.702087
0.720721        0.701893
0.721722        0.701755
0.722723        0.702048
0.723724        0.701523
0.724725        0.702007
0.725726        0.701569
0.726727        0.701703
0.727728        0.701788
0.728729        0.701419
0.72973         0.702038
0.730731        0.702101
0.731732        0.704741
0.732733        0.713271
0.733734        0.741774
0.734735        0.808744
0.735736        0.886671
0.736737        0.894415
0.737738        0.821166
0.738739        0.749247
0.73974         0.715668
0.740741        0.705056
0.741742        0.702477
0.742743        0.701325
0.743744        0.701495
0.744745        0.701159
0.745746        0.701196
0.746747        0.701273
0.747748        0.701013
0.748749        0.701255
0.74975         0.700985
0.750751        0.701137
0.751752        0.701019
0.752753        0.701016
0.753754        0.701095
0.754755        0.701008
0.755756        0.701668
0.756757        0.702925
0.757758        0.709138
0.758759        0.729418
0.75976         0.78291
0.760761        0.863145
0.761762        0.897085
0.762763        0.843572
0.763764        0.765285
0.764765        0.721887
0.765766        0.706756
0.766767        0.702083
0.767768        0.701524
0.768769        0.700658
0.76977         0.700886
0.770771        0.70089
0.771772        0.700507
0.772773        0.70103
0.773774        0.700519
0.774775        0.700806
0.775776        0.700772
0.776777        0.70052
0.777778        0.700916
0.778779        0.700499
0.77978         0.700923
0.780781        0.701175
0.781782        0.702586
0.782783        0.708528
0.783784        0.727239
0.784785        0.777915
0.785786        0.854889
0.786787        0.892143
0.787788        0.844045
0.788789        0.767689
0.78979         0.723298
0.790791        0.706791
0.791792        0.702389
0.792793        0.701075
0.793794        0.70057
0.794795        0.700795
0.795796        0.700399
0.796797        0.700689
0.797798        0.700529
0.798799        0.700479
0.7998          0.700699
0.800801        0.700347
0.801802        0.700723
0.802803        0.700448
0.803804        0.700567
0.804805        0.700871
0.805806        0.701034
0.806807        0.703511
0.807808        0.710374
0.808809        0.733871
0.80981         0.789814
0.810811        0.862744
0.811812        0.883639
0.812813        0.825836
0.813814        0.755996
0.814815        0.718552
0.815816        0.705507
0.816817        0.702137
0.817818        0.70064
0.818819        0.70078
0.81982         0.7005
0.820821        0.700419
0.821822        0.700706
0.822823        0.700271
0.823824        0.700689
0.824825        0.700411
0.825826        0.700438
0.826827        0.700689
0.827828        0.700259
0.828829        0.70082
0.82983         0.700765
0.830831        0.701807
0.831832        0.7057
0.832833        0.717569
0.833834        0.753198
0.834835        0.81962
0.835836        0.876655
0.836837        0.860686
0.837838        0.790949
0.838839        0.735637
0.83984         0.711118
0.840841        0.70361
0.841842        0.701358
0.842843        0.700607
0.843844        0.700713
0.844845        0.700377
0.845846        0.700585
0.846847        0.700487
0.847848        0.700435
0.848849        0.700616
0.84985         0.700367
0.850851        0.700603
0.851852        0.700459
0.852853        0.700536
0.853854        0.700855
0.854855        0.701339
0.855856        0.704097
0.856857        0.712482
0.857858        0.738344
0.858859        0.794603
0.85986         0.859418
0.860861        0.868971
0.861862        0.811235
0.862863        0.74884
0.863864        0.716515
0.864865        0.705155
0.865866        0.701929
0.866867        0.700755
0.867868        0.700688
0.868869        0.700504
0.86987         0.700481
0.870871        0.700589
0.871872        0.700405
0.872873        0.700594
0.873874        0.700465
0.874875        0.700501
0.875876        0.700587
0.876877        0.700493
0.877878        0.70085
0.878879        0.701434
0.87988         0.703922
0.880881        0.712111
0.881882        0.736277
0.882883        0.789279
0.883884        0.852106
0.884885        0.864771
0.885886        0.811922
0.886887        0.750741
0.887888        0.717751
0.888889        0.705625
0.88989         0.7021
0.890891        0.700867
0.891892        0.70065
0.892893        0.700592
0.893894        0.700447
0.894895        0.700603
0.895896        0.700465
0.896897        0.700529
0.897898        0.700552
0.898899        0.700489
0.8999          0.700596
0.900901        0.700594
0.901902        0.700932
0.902903        0.701867
0.903904        0.705203
0.904905        0.715846
0.905906        0.745147
0.906907        0.801802
0.907908        0.855921
0.908909        0.852048
0.90991         0.794463
0.910911        0.7405
0.911912        0.714075
0.912913        0.704501
0.913914        0.701822
0.914915        0.700833
0.915916        0.700583
0.916917        0.700666
0.917918        0.700417
0.918919        0.700619
0.91992         0.700512
0.920921        0.700485
0.921922        0.700639
0.922923        0.700449
0.923924        0.700669
0.924925        0.700746
0.925926        0.701287
0.926927        0.703302
0.927928        0.709283
0.928929        0.727644
0.92993         0.769809
0.930931        0.829332
0.931932        0.857407
0.932933        0.822074
0.933934        0.762904
0.934935        0.724057
0.935936        0.708174
0.936937        0.702861
0.937938        0.70118
0.938939        0.700799
0.93994         0.70054
0.940941        0.700599
0.941942        0.700541
0.942943        0.70052
0.943944        0.700596
0.944945        0.70049
0.945946        0.700613
0.946947        0.700587
0.947948        0.700724
0.948949        0.701252
0.94995         0.702727
0.950951        0.707818
0.951952        0.722564
0.952953        0.758455
0.953954        0.814605
0.954955        0.8512
0.955956        0.82866
0.956957        0.77217
0.957958        0.729684
0.958959        0.710317
0.95996         0.703592
0.960961        0.701568
0.961962        0.700715
0.962963        0.700719
0.963964        0.70057
0.964965        0.700493
0.965966        0.700669
0.966967        0.700468
0.967968        0.70059
0.968969        0.700616
0.96997         0.700555
0.970971        0.700875
0.971972        0.701336
0.972973        0.703221
0.973974        0.708982
0.974975        0.725308
0.975976        0.76274
0.976977        0.816602
0.977978        0.846174
0.978979        0.819168
0.97998         0.765285
0.980981        0.726642
0.981982        0.70946
0.982983        0.703424
0.983984        0.701382
0.984985        0.700899
0.985986        0.70059
0.986987        0.700603
0.987988        0.700623
0.988989        0.700475
0.98999         0.700679
0.990991        0.700497
0.991992        0.700605
0.992993        0.70079
0.993994        0.700877
0.994995        0.702143
0.995996        0.70503
0.996997        0.714193
0.997998        0.737993
0.998999        0.782767
1               0.8303
