#====================================================
#   t = 0.6     rho_bar = 0.7     Viscosity = 0
#====================================================
#x              rho
#====================================================
0               0.700177
0.001001        0.700186
0.002002        0.700196
0.003003        0.700207
0.004004        0.700218
0.00500501      0.700229
0.00600601      0.700241
0.00700701      0.700254
0.00800801      0.700267
0.00900901      0.700281
0.01001         0.700296
0.011011        0.700312
0.012012        0.700328
0.013013        0.700345
0.014014        0.700362
0.015015        0.700381
0.016016        0.700401
0.017017        0.700421
0.018018        0.700442
0.019019        0.700465
0.02002         0.700488
0.021021        0.700513
0.022022        0.700539
0.023023        0.700566
0.024024        0.700594
0.025025        0.700624
0.026026        0.700655
0.027027        0.700687
0.028028        0.700721
0.029029        0.700757
0.03003         0.700794
0.031031        0.700833
0.032032        0.700873
0.033033        0.700916
0.034034        0.70096
0.035035        0.701007
0.036036        0.701056
0.037037        0.701107
0.038038        0.70116
0.039039        0.701216
0.04004         0.701274
0.041041        0.701335
0.042042        0.701399
0.043043        0.701466
0.044044        0.701536
0.045045        0.701609
0.046046        0.701685
0.047047        0.701765
0.048048        0.701849
0.049049        0.701936
0.0500501       0.702028
0.0510511       0.702124
0.0520521       0.702224
0.0530531       0.702329
0.0540541       0.702439
0.0550551       0.702554
0.0560561       0.702675
0.0570571       0.702801
0.0580581       0.702934
0.0590591       0.703072
0.0600601       0.703218
0.0610611       0.70337
0.0620621       0.70353
0.0630631       0.703698
0.0640641       0.703874
0.0650651       0.704059
0.0660661       0.704254
0.0670671       0.704458
0.0680681       0.704673
0.0690691       0.704899
0.0700701       0.705138
0.0710711       0.705389
0.0720721       0.705654
0.0730731       0.705936
0.0740741       0.706239
0.0750751       0.706587
0.0760761       0.707076
0.0770771       0.708123
0.0780781       0.711539
0.0790791       0.724549
0.0800801       0.768559
0.0810811       0.864172
0.0820821       0.950323
0.0830831       0.922804
0.0840841       0.819213
0.0850851       0.748646
0.0860861       0.732247
0.0870871       0.759278
0.0880881       0.838194
0.0890891       0.92918
0.0900901       0.930385
0.0910911       0.841329
0.0920921       0.764796
0.0930931       0.74448
0.0940941       0.776086
0.0950951       0.856684
0.0960961       0.928617
0.0970971       0.907383
0.0980981       0.821977
0.0990991       0.763628
0.1001          0.761185
0.101101        0.811553
0.102102        0.889983
0.103103        0.919311
0.104104        0.86438
0.105105        0.793404
0.106106        0.767695
0.107107        0.794985
0.108108        0.859522
0.109109        0.905269
0.11011         0.880227
0.111111        0.817858
0.112112        0.782718
0.113113        0.795464
0.114114        0.843867
0.115115        0.885961
0.116116        0.876963
0.117117        0.831141
0.118118        0.799227
0.119119        0.804783
0.12012         0.838282
0.121121        0.868123
0.122122        0.864381
0.123123        0.835111
0.124124        0.813308
0.125125        0.816274
0.126126        0.836588
0.127127        0.85318
0.128128        0.850392
0.129129        0.834281
0.13013         0.822745
0.131131        0.824685
0.132132        0.834885
0.133133        0.841977
0.134134        0.839697
0.135135        0.832086
0.136136        0.827181
0.137137        0.828267
0.138138        0.832335
0.139139        0.834511
0.14014         0.832939
0.141141        0.829735
0.142142        0.827889
0.143143        0.828238
0.144144        0.829381
0.145145        0.829633
0.146146        0.82864
0.147147        0.827289
0.148148        0.826502
0.149149        0.826379
0.15015         0.826389
0.151151        0.826059
0.152152        0.825386
0.153153        0.824677
0.154154        0.82416
0.155155        0.823807
0.156156        0.82345
0.157157        0.822988
0.158158        0.822449
0.159159        0.82192
0.16016         0.821445
0.161161        0.820999
0.162162        0.820542
0.163163        0.820058
0.164164        0.819561
0.165165        0.81907
0.166166        0.81859
0.167167        0.818113
0.168168        0.817631
0.169169        0.817143
0.17017         0.816653
0.171171        0.816164
0.172172        0.815677
0.173173        0.815189
0.174174        0.814699
0.175175        0.814208
0.176176        0.813716
0.177177        0.813224
0.178178        0.812731
0.179179        0.812238
0.18018         0.811744
0.181181        0.811249
0.182182        0.810753
0.183183        0.810257
0.184184        0.809761
0.185185        0.809264
0.186186        0.808766
0.187187        0.808268
0.188188        0.807769
0.189189        0.80727
0.19019         0.806771
0.191191        0.806271
0.192192        0.80577
0.193193        0.805269
0.194194        0.804768
0.195195        0.804267
0.196196        0.803765
0.197197        0.803262
0.198198        0.80276
0.199199        0.802257
0.2002          0.801754
0.201201        0.80125
0.202202        0.800746
0.203203        0.800242
0.204204        0.799738
0.205205        0.799233
0.206206        0.798729
0.207207        0.798224
0.208208        0.797719
0.209209        0.797213
0.21021         0.796708
0.211211        0.796202
0.212212        0.795697
0.213213        0.795191
0.214214        0.794685
0.215215        0.794179
0.216216        0.793673
0.217217        0.793167
0.218218        0.79266
0.219219        0.792154
0.22022         0.791648
0.221221        0.791142
0.222222        0.790635
0.223223        0.790129
0.224224        0.789623
0.225225        0.789116
0.226226        0.78861
0.227227        0.788104
0.228228        0.787598
0.229229        0.787092
0.23023         0.786586
0.231231        0.78608
0.232232        0.785575
0.233233        0.785069
0.234234        0.784564
0.235235        0.784059
0.236236        0.783553
0.237237        0.783049
0.238238        0.782544
0.239239        0.782039
0.24024         0.781535
0.241241        0.781031
0.242242        0.780527
0.243243        0.780023
0.244244        0.77952
0.245245        0.779017
0.246246        0.778514
0.247247        0.778012
0.248248        0.777509
0.249249        0.777007
0.25025         0.776506
0.251251        0.776005
0.252252        0.775504
0.253253        0.775003
0.254254        0.774503
0.255255        0.774003
0.256256        0.773504
0.257257        0.773005
0.258258        0.772506
0.259259        0.772008
0.26026         0.771511
0.261261        0.771013
0.262262        0.770517
0.263263        0.77002
0.264264        0.769525
0.265265        0.769029
0.266266        0.768535
0.267267        0.76804
0.268268        0.767547
0.269269        0.767053
0.27027         0.766561
0.271271        0.766069
0.272272        0.765577
0.273273        0.765086
0.274274        0.764596
0.275275        0.764107
0.276276        0.763618
0.277277        0.763129
0.278278        0.762642
0.279279        0.762155
0.28028         0.761668
0.281281        0.761183
0.282282        0.760698
0.283283        0.760214
0.284284        0.75973
0.285285        0.759248
0.286286        0.758766
0.287287        0.758285
0.288288        0.757804
0.289289        0.757325
0.29029         0.756846
0.291291        0.756368
0.292292        0.755891
0.293293        0.755415
0.294294        0.75494
0.295295        0.754465
0.296296        0.753992
0.297297        0.753519
0.298298        0.753048
0.299299        0.752577
0.3003          0.752107
0.301301        0.751638
0.302302        0.75117
0.303303        0.750704
0.304304        0.750238
0.305305        0.749773
0.306306        0.74931
0.307307        0.748847
0.308308        0.748385
0.309309        0.747925
0.31031         0.747466
0.311311        0.747007
0.312312        0.74655
0.313313        0.746094
0.314314        0.74564
0.315315        0.745186
0.316316        0.744734
0.317317        0.744283
0.318318        0.743833
0.319319        0.743384
0.32032         0.742937
0.321321        0.742491
0.322322        0.742046
0.323323        0.741603
0.324324        0.741161
0.325325        0.74072
0.326326        0.740281
0.327327        0.739843
0.328328        0.739407
0.329329        0.738972
0.33033         0.738538
0.331331        0.738106
0.332332        0.737676
0.333333        0.737247
0.334334        0.736819
0.335335        0.736393
0.336336        0.735969
0.337337        0.735546
0.338338        0.735125
0.339339        0.734705
0.34034         0.734287
0.341341        0.733871
0.342342        0.733457
0.343343        0.733044
0.344344        0.732633
0.345345        0.732224
0.346346        0.731816
0.347347        0.73141
0.348348        0.731006
0.349349        0.730604
0.35035         0.730204
0.351351        0.729806
0.352352        0.72941
0.353353        0.729015
0.354354        0.728623
0.355355        0.728232
0.356356        0.727844
0.357357        0.727458
0.358358        0.727073
0.359359        0.726691
0.36036         0.726311
0.361361        0.725933
0.362362        0.725557
0.363363        0.725183
0.364364        0.724811
0.365365        0.724442
0.366366        0.724075
0.367367        0.72371
0.368368        0.723348
0.369369        0.722987
0.37037         0.722629
0.371371        0.722274
0.372372        0.721921
0.373373        0.72157
0.374374        0.721222
0.375375        0.720876
0.376376        0.720533
0.377377        0.720192
0.378378        0.719854
0.379379        0.719518
0.38038         0.719185
0.381381        0.718855
0.382382        0.718527
0.383383        0.718202
0.384384        0.717879
0.385385        0.717559
0.386386        0.717242
0.387387        0.716928
0.388388        0.716617
0.389389        0.716308
0.39039         0.716002
0.391391        0.715699
0.392392        0.715399
0.393393        0.715102
0.394394        0.714807
0.395395        0.714516
0.396396        0.714228
0.397397        0.713942
0.398398        0.71366
0.399399        0.713381
0.4004          0.713104
0.401401        0.712831
0.402402        0.712561
0.403403        0.712294
0.404404        0.71203
0.405405        0.711769
0.406406        0.711512
0.407407        0.711257
0.408408        0.711006
0.409409        0.710758
0.41041         0.710513
0.411411        0.710272
0.412412        0.710033
0.413413        0.709798
0.414414        0.709566
0.415415        0.709338
0.416416        0.709113
0.417417        0.708891
0.418418        0.708672
0.419419        0.708457
0.42042         0.708245
0.421421        0.708036
0.422422        0.707831
0.423423        0.707629
0.424424        0.70743
0.425425        0.707235
0.426426        0.707043
0.427427        0.706854
0.428428        0.706668
0.429429        0.706486
0.43043         0.706308
0.431431        0.706132
0.432432        0.70596
0.433433        0.705791
0.434434        0.705625
0.435435        0.705463
0.436436        0.705304
0.437437        0.705148
0.438438        0.704995
0.439439        0.704845
0.44044         0.704699
0.441441        0.704556
0.442442        0.704416
0.443443        0.704279
0.444444        0.704145
0.445445        0.704014
0.446446        0.703886
0.447447        0.703762
0.448448        0.70364
0.449449        0.703521
0.45045         0.703405
0.451451        0.703292
0.452452        0.703182
0.453453        0.703074
0.454454        0.70297
0.455455        0.702868
0.456456        0.702769
0.457457        0.702672
0.458458        0.702578
0.459459        0.702487
0.46046         0.702398
0.461461        0.702312
0.462462        0.702228
0.463463        0.702147
0.464464        0.702068
0.465465        0.701991
0.466466        0.701917
0.467467        0.701845
0.468468        0.701775
0.469469        0.701707
0.47047         0.701642
0.471471        0.701578
0.472472        0.701517
0.473473        0.701458
0.474474        0.7014
0.475475        0.701344
0.476476        0.701291
0.477477        0.701239
0.478478        0.701189
0.479479        0.70114
0.48048         0.701093
0.481481        0.701048
0.482482        0.701005
0.483483        0.700963
0.484484        0.700922
0.485485        0.700883
0.486486        0.700846
0.487487        0.70081
0.488488        0.700775
0.489489        0.700741
0.49049         0.700709
0.491491        0.700678
0.492492        0.700648
0.493493        0.70062
0.494494        0.700592
0.495495        0.700566
0.496496        0.70054
0.497497        0.700516
0.498498        0.700492
0.499499        0.70047
0.500501        0.700448
0.501502        0.700428
0.502503        0.700408
0.503504        0.700389
0.504505        0.700371
0.505506        0.700353
0.506507        0.700336
0.507508        0.70032
0.508509        0.700305
0.50951         0.700291
0.510511        0.700277
0.511512        0.700263
0.512513        0.70025
0.513514        0.700238
0.514515        0.700227
0.515516        0.700215
0.516517        0.700205
0.517518        0.700195
0.518519        0.700185
0.51952         0.700176
0.520521        0.700167
0.521522        0.700158
0.522523        0.70015
0.523524        0.700143
0.524525        0.700135
0.525526        0.700128
0.526527        0.700122
0.527528        0.700115
0.528529        0.700109
0.52953         0.700104
0.530531        0.700098
0.531532        0.700093
0.532533        0.700088
0.533534        0.700084
0.534535        0.700079
0.535536        0.700075
0.536537        0.700071
0.537538        0.700067
0.538539        0.700063
0.53954         0.70006
0.540541        0.700057
0.541542        0.700054
0.542543        0.700051
0.543544        0.700048
0.544545        0.700045
0.545546        0.700043
0.546547        0.70004
0.547548        0.700038
0.548549        0.700036
0.54955         0.700034
0.550551        0.700032
0.551552        0.70003
0.552553        0.700029
0.553554        0.700027
0.554555        0.700025
0.555556        0.700024
0.556557        0.700023
0.557558        0.700021
0.558559        0.70002
0.55956         0.700019
0.560561        0.700018
0.561562        0.700017
0.562563        0.700016
0.563564        0.700015
0.564565        0.700014
0.565566        0.700013
0.566567        0.700012
0.567568        0.700012
0.568569        0.700011
0.56957         0.70001
0.570571        0.70001
0.571572        0.700009
0.572573        0.700008
0.573574        0.700008
0.574575        0.700007
0.575576        0.700007
0.576577        0.700007
0.577578        0.700006
0.578579        0.700006
0.57958         0.700005
0.580581        0.700005
0.581582        0.700005
0.582583        0.700004
0.583584        0.700004
0.584585        0.700004
0.585586        0.700004
0.586587        0.700003
0.587588        0.700003
0.588589        0.700003
0.58959         0.700003
0.590591        0.700003
0.591592        0.700002
0.592593        0.700002
0.593594        0.700002
0.594595        0.700002
0.595596        0.700002
0.596597        0.700002
0.597598        0.700002
0.598599        0.700002
0.5996          0.700001
0.600601        0.700001
0.601602        0.700001
0.602603        0.700001
0.603604        0.700001
0.604605        0.700001
0.605606        0.700001
0.606607        0.700001
0.607608        0.700001
0.608609        0.700001
0.60961         0.700001
0.610611        0.700001
0.611612        0.700001
0.612613        0.700001
0.613614        0.700001
0.614615        0.700001
0.615616        0.7
0.616617        0.7
0.617618        0.7
0.618619        0.7
0.61962         0.7
0.620621        0.7
0.621622        0.7
0.622623        0.7
0.623624        0.7
0.624625        0.7
0.625626        0.7
0.626627        0.7
0.627628        0.7
0.628629        0.7
0.62963         0.7
0.630631        0.7
0.631632        0.7
0.632633        0.7
0.633634        0.7
0.634635        0.7
0.635636        0.7
0.636637        0.7
0.637638        0.7
0.638639        0.7
0.63964         0.7
0.640641        0.7
0.641642        0.7
0.642643        0.7
0.643644        0.7
0.644645        0.7
0.645646        0.7
0.646647        0.7
0.647648        0.7
0.648649        0.7
0.64965         0.7
0.650651        0.7
0.651652        0.7
0.652653        0.7
0.653654        0.7
0.654655        0.7
0.655656        0.7
0.656657        0.7
0.657658        0.7
0.658659        0.7
0.65966         0.7
0.660661        0.7
0.661662        0.7
0.662663        0.7
0.663664        0.7
0.664665        0.7
0.665666        0.7
0.666667        0.7
0.667668        0.7
0.668669        0.7
0.66967         0.7
0.670671        0.7
0.671672        0.7
0.672673        0.7
0.673674        0.7
0.674675        0.7
0.675676        0.7
0.676677        0.7
0.677678        0.7
0.678679        0.7
0.67968         0.7
0.680681        0.7
0.681682        0.7
0.682683        0.7
0.683684        0.7
0.684685        0.7
0.685686        0.7
0.686687        0.7
0.687688        0.7
0.688689        0.7
0.68969         0.7
0.690691        0.7
0.691692        0.7
0.692693        0.7
0.693694        0.7
0.694695        0.7
0.695696        0.7
0.696697        0.7
0.697698        0.7
0.698699        0.7
0.6997          0.7
0.700701        0.7
0.701702        0.7
0.702703        0.7
0.703704        0.7
0.704705        0.7
0.705706        0.7
0.706707        0.7
0.707708        0.7
0.708709        0.7
0.70971         0.7
0.710711        0.7
0.711712        0.7
0.712713        0.7
0.713714        0.7
0.714715        0.7
0.715716        0.7
0.716717        0.7
0.717718        0.7
0.718719        0.7
0.71972         0.7
0.720721        0.7
0.721722        0.7
0.722723        0.7
0.723724        0.7
0.724725        0.7
0.725726        0.7
0.726727        0.7
0.727728        0.7
0.728729        0.7
0.72973         0.7
0.730731        0.7
0.731732        0.7
0.732733        0.7
0.733734        0.7
0.734735        0.7
0.735736        0.7
0.736737        0.7
0.737738        0.7
0.738739        0.7
0.73974         0.7
0.740741        0.7
0.741742        0.7
0.742743        0.7
0.743744        0.7
0.744745        0.7
0.745746        0.7
0.746747        0.7
0.747748        0.7
0.748749        0.7
0.74975         0.7
0.750751        0.7
0.751752        0.7
0.752753        0.7
0.753754        0.7
0.754755        0.7
0.755756        0.7
0.756757        0.7
0.757758        0.7
0.758759        0.7
0.75976         0.7
0.760761        0.7
0.761762        0.7
0.762763        0.7
0.763764        0.7
0.764765        0.7
0.765766        0.7
0.766767        0.7
0.767768        0.7
0.768769        0.7
0.76977         0.7
0.770771        0.7
0.771772        0.7
0.772773        0.7
0.773774        0.7
0.774775        0.7
0.775776        0.7
0.776777        0.7
0.777778        0.7
0.778779        0.7
0.77978         0.7
0.780781        0.7
0.781782        0.7
0.782783        0.7
0.783784        0.7
0.784785        0.7
0.785786        0.7
0.786787        0.7
0.787788        0.7
0.788789        0.7
0.78979         0.7
0.790791        0.7
0.791792        0.7
0.792793        0.7
0.793794        0.7
0.794795        0.7
0.795796        0.7
0.796797        0.7
0.797798        0.7
0.798799        0.7
0.7998          0.7
0.800801        0.7
0.801802        0.7
0.802803        0.7
0.803804        0.7
0.804805        0.7
0.805806        0.7
0.806807        0.7
0.807808        0.7
0.808809        0.7
0.80981         0.7
0.810811        0.7
0.811812        0.7
0.812813        0.7
0.813814        0.7
0.814815        0.7
0.815816        0.7
0.816817        0.7
0.817818        0.7
0.818819        0.7
0.81982         0.7
0.820821        0.7
0.821822        0.7
0.822823        0.7
0.823824        0.7
0.824825        0.7
0.825826        0.7
0.826827        0.7
0.827828        0.7
0.828829        0.7
0.82983         0.7
0.830831        0.7
0.831832        0.7
0.832833        0.7
0.833834        0.7
0.834835        0.7
0.835836        0.7
0.836837        0.7
0.837838        0.7
0.838839        0.7
0.83984         0.7
0.840841        0.7
0.841842        0.7
0.842843        0.7
0.843844        0.7
0.844845        0.7
0.845846        0.7
0.846847        0.7
0.847848        0.7
0.848849        0.7
0.84985         0.7
0.850851        0.7
0.851852        0.7
0.852853        0.7
0.853854        0.7
0.854855        0.7
0.855856        0.7
0.856857        0.7
0.857858        0.7
0.858859        0.7
0.85986         0.7
0.860861        0.7
0.861862        0.7
0.862863        0.7
0.863864        0.7
0.864865        0.7
0.865866        0.7
0.866867        0.7
0.867868        0.7
0.868869        0.7
0.86987         0.7
0.870871        0.7
0.871872        0.7
0.872873        0.7
0.873874        0.7
0.874875        0.7
0.875876        0.7
0.876877        0.7
0.877878        0.7
0.878879        0.7
0.87988         0.7
0.880881        0.7
0.881882        0.7
0.882883        0.7
0.883884        0.7
0.884885        0.7
0.885886        0.7
0.886887        0.7
0.887888        0.7
0.888889        0.7
0.88989         0.7
0.890891        0.7
0.891892        0.7
0.892893        0.7
0.893894        0.7
0.894895        0.7
0.895896        0.7
0.896897        0.7
0.897898        0.7
0.898899        0.7
0.8999          0.7
0.900901        0.7
0.901902        0.7
0.902903        0.7
0.903904        0.7
0.904905        0.700001
0.905906        0.700001
0.906907        0.700001
0.907908        0.700001
0.908909        0.700001
0.90991         0.700001
0.910911        0.700001
0.911912        0.700001
0.912913        0.700001
0.913914        0.700001
0.914915        0.700001
0.915916        0.700001
0.916917        0.700001
0.917918        0.700001
0.918919        0.700001
0.91992         0.700001
0.920921        0.700002
0.921922        0.700002
0.922923        0.700002
0.923924        0.700002
0.924925        0.700002
0.925926        0.700002
0.926927        0.700002
0.927928        0.700002
0.928929        0.700003
0.92993         0.700003
0.930931        0.700003
0.931932        0.700003
0.932933        0.700003
0.933934        0.700004
0.934935        0.700004
0.935936        0.700004
0.936937        0.700004
0.937938        0.700005
0.938939        0.700005
0.93994         0.700005
0.940941        0.700006
0.941942        0.700006
0.942943        0.700007
0.943944        0.700007
0.944945        0.700007
0.945946        0.700008
0.946947        0.700008
0.947948        0.700009
0.948949        0.70001
0.94995         0.70001
0.950951        0.700011
0.951952        0.700011
0.952953        0.700012
0.953954        0.700013
0.954955        0.700014
0.955956        0.700015
0.956957        0.700016
0.957958        0.700017
0.958959        0.700018
0.95996         0.700019
0.960961        0.70002
0.961962        0.700021
0.962963        0.700022
0.963964        0.700024
0.964965        0.700025
0.965966        0.700027
0.966967        0.700028
0.967968        0.70003
0.968969        0.700032
0.96997         0.700034
0.970971        0.700036
0.971972        0.700038
0.972973        0.70004
0.973974        0.700042
0.974975        0.700045
0.975976        0.700047
0.976977        0.70005
0.977978        0.700053
0.978979        0.700056
0.97998         0.70006
0.980981        0.700063
0.981982        0.700067
0.982983        0.70007
0.983984        0.700074
0.984985        0.700079
0.985986        0.700083
0.986987        0.700088
0.987988        0.700093
0.988989        0.700098
0.98999         0.700104
0.990991        0.700109
0.991992        0.700115
0.992993        0.700122
0.993994        0.700128
0.994995        0.700136
0.995996        0.700143
0.996997        0.700151
0.997998        0.700159
0.998999        0.700168
1               0.700177
