#====================================================
#   t = 4.8     rho_bar = 0.7     Viscosity = 0
#====================================================
#x              rho
#====================================================
0               0.700538
0.001001        0.700438
0.002002        0.700662
0.003003        0.700477
0.004004        0.700454
0.00500501      0.700744
0.00600601      0.700443
0.00700701      0.700926
0.00800801      0.701878
0.00900901      0.704541
0.01001         0.714496
0.011011        0.741513
0.012012        0.796015
0.013013        0.853067
0.014014        0.855203
0.015015        0.8002
0.016016        0.744239
0.017017        0.715339
0.018018        0.705088
0.019019        0.70198
0.02002         0.700759
0.021021        0.700754
0.022022        0.700612
0.023023        0.700392
0.024024        0.700729
0.025025        0.700449
0.026026        0.700505
0.027027        0.700692
0.028028        0.700455
0.029029        0.700762
0.03003         0.701164
0.031031        0.702448
0.032032        0.707155
0.033033        0.721159
0.034034        0.75643
0.035035        0.814875
0.036036        0.856281
0.037037        0.835811
0.038038        0.777072
0.039039        0.731211
0.04004         0.710853
0.041041        0.703719
0.042042        0.701326
0.043043        0.701012
0.044044        0.700537
0.045045        0.700532
0.046046        0.700708
0.047047        0.70042
0.048048        0.700599
0.049049        0.700625
0.0500501       0.700496
0.0510511       0.700707
0.0520521       0.701015
0.0530531       0.701794
0.0540541       0.705019
0.0550551       0.714474
0.0560561       0.739849
0.0570571       0.789977
0.0580581       0.84163
0.0590591       0.845465
0.0600601       0.796817
0.0610611       0.744442
0.0620621       0.716508
0.0630631       0.705539
0.0640641       0.702069
0.0650651       0.701137
0.0660661       0.700616
0.0670671       0.700632
0.0680681       0.700627
0.0690691       0.700497
0.0700701       0.700595
0.0710711       0.700627
0.0720721       0.700499
0.0730731       0.700764
0.0740741       0.700977
0.0750751       0.701775
0.0760761       0.704931
0.0770771       0.713501
0.0780781       0.737131
0.0790791       0.78365
0.0800801       0.834037
0.0810811       0.84206
0.0820821       0.798126
0.0830831       0.747059
0.0840841       0.717958
0.0850851       0.706192
0.0860861       0.702353
0.0870871       0.701203
0.0880881       0.70068
0.0890891       0.700617
0.0900901       0.700694
0.0910911       0.700439
0.0920921       0.700662
0.0930931       0.700618
0.0940941       0.700511
0.0950951       0.700887
0.0960961       0.701088
0.0970971       0.702402
0.0980981       0.706325
0.0990991       0.717552
0.1001          0.745443
0.101101        0.79388
0.102102        0.836019
0.103103        0.83021
0.104104        0.783007
0.105105        0.737793
0.106106        0.714298
0.107107        0.705129
0.108108        0.701974
0.109109        0.701106
0.11011         0.700682
0.111111        0.700655
0.112112        0.700572
0.113113        0.70061
0.114114        0.700589
0.115115        0.700577
0.116116        0.70081
0.117117        0.700834
0.118118        0.701838
0.119119        0.704184
0.12012         0.711207
0.121121        0.730237
0.122122        0.768584
0.123123        0.816627
0.124124        0.834462
0.125125        0.803177
0.126126        0.754848
0.127127        0.722635
0.128128        0.708331
0.129129        0.703079
0.13013         0.701591
0.131131        0.70066
0.132132        0.700808
0.133133        0.700599
0.134134        0.700508
0.135135        0.70075
0.136136        0.700497
0.137137        0.700802
0.138138        0.70089
0.139139        0.701728
0.14014         0.703825
0.141141        0.710138
0.142142        0.726826
0.143143        0.761206
0.144144        0.80735
0.145145        0.829597
0.146146        0.805352
0.147147        0.759393
0.148148        0.725537
0.149149        0.709844
0.15015         0.703619
0.151151        0.701694
0.152152        0.700882
0.153153        0.70075
0.154154        0.700629
0.155155        0.700532
0.156156        0.700801
0.157157        0.700445
0.158158        0.700912
0.159159        0.701064
0.16016         0.701951
0.161161        0.705006
0.162162        0.712499
0.163163        0.732093
0.164164        0.768588
0.165165        0.810691
0.166166        0.823065
0.167167        0.793191
0.168168        0.750165
0.169169        0.72124
0.17017         0.70837
0.171171        0.703033
0.172172        0.701699
0.173173        0.700739
0.174174        0.70078
0.175175        0.70069
0.176176        0.700465
0.177177        0.700876
0.178178        0.700493
0.179179        0.701094
0.18018         0.701459
0.181181        0.703389
0.182182        0.708351
0.183183        0.721181
0.184184        0.748945
0.185185        0.789326
0.186186        0.81801
0.187187        0.806449
0.188188        0.767556
0.189189        0.732016
0.19019         0.713025
0.191191        0.705246
0.192192        0.70196
0.193193        0.701394
0.194194        0.700604
0.195195        0.700792
0.196196        0.700621
0.197197        0.700603
0.198198        0.700835
0.199199        0.700761
0.2002          0.701723
0.201201        0.702983
0.202202        0.707842
0.203203        0.719194
0.204204        0.743908
0.205205        0.781932
0.206206        0.811108
0.207207        0.805718
0.208208        0.77001
0.209209        0.735257
0.21021         0.71475
0.211211        0.705798
0.212212        0.702757
0.213213        0.70098
0.214214        0.701156
0.215215        0.700489
0.216216        0.700737
0.217217        0.700765
0.218218        0.700546
0.219219        0.701388
0.22022         0.701517
0.221221        0.704329
0.222222        0.709587
0.223223        0.723559
0.224224        0.750878
0.225225        0.786794
0.226226        0.808846
0.227227        0.794675
0.228228        0.759965
0.229229        0.728714
0.23023         0.712342
0.231231        0.705125
0.232232        0.701896
0.233233        0.701683
0.234234        0.700346
0.235235        0.701053
0.236236        0.700568
0.237237        0.700632
0.238238        0.701225
0.239239        0.701154
0.24024         0.703352
0.241241        0.706591
0.242242        0.716753
0.243243        0.736846
0.244244        0.769334
0.245245        0.798775
0.246246        0.799977
0.247247        0.77315
0.248248        0.739239
0.249249        0.718279
0.25025         0.707432
0.251251        0.70306
0.252252        0.701971
0.253253        0.700559
0.254254        0.701111
0.255255        0.700532
0.256256        0.700791
0.257257        0.701062
0.258258        0.701347
0.259259        0.703191
0.26026         0.706439
0.261261        0.715902
0.262262        0.734316
0.263263        0.764575
0.264264        0.792805
0.265265        0.796525
0.266266        0.772888
0.267267        0.740787
0.268268        0.719549
0.269269        0.708155
0.27027         0.703516
0.271271        0.702034
0.272272        0.700739
0.273273        0.701071
0.274274        0.70064
0.275275        0.700816
0.276276        0.70122
0.277277        0.70176
0.278278        0.70395
0.279279        0.708506
0.28028         0.719754
0.281281        0.740659
0.282282        0.77043
0.283283        0.792326
0.284284        0.788053
0.285285        0.762011
0.286286        0.733349
0.287287        0.715838
0.288288        0.70678
0.289289        0.702955
0.29029         0.701839
0.291291        0.700782
0.292292        0.700978
0.293293        0.700783
0.294294        0.700999
0.295295        0.701641
0.296296        0.702891
0.297297        0.706575
0.298298        0.714258
0.299299        0.73077
0.3003          0.756315
0.301301        0.78195
0.302302        0.788847
0.303303        0.770495
0.304304        0.743038
0.305305        0.721333
0.306306        0.709808
0.307307        0.704387
0.308308        0.702089
0.309309        0.70136
0.31031         0.700781
0.311311        0.701052
0.312312        0.700929
0.313313        0.701633
0.314314        0.703107
0.315315        0.706108
0.316316        0.714024
0.317317        0.72872
0.318318        0.752575
0.319319        0.776854
0.32032         0.784534
0.321321        0.769423
0.322322        0.743511
0.323323        0.722606
0.324324        0.710504
0.325325        0.704901
0.326326        0.702323
0.327327        0.701373
0.328328        0.701112
0.329329        0.700797
0.33033         0.701411
0.331331        0.701863
0.332332        0.703712
0.333333        0.708079
0.334334        0.71661
0.335335        0.733529
0.336336        0.756783
0.337337        0.776723
0.338338        0.778606
0.339339        0.760478
0.34034         0.736794
0.341341        0.718823
0.342342        0.708922
0.343343        0.704199
0.344344        0.702212
0.345345        0.701294
0.346346        0.701064
0.347347        0.701257
0.348348        0.7015
0.349349        0.703086
0.35035         0.705845
0.351351        0.712219
0.352352        0.724956
0.353353        0.744394
0.354354        0.766192
0.355355        0.776183
0.356356        0.766695
0.357357        0.74552
0.358358        0.725323
0.359359        0.71268
0.36036         0.70609
0.361361        0.703022
0.362362        0.701691
0.363363        0.70132
0.364364        0.701216
0.365365        0.701624
0.366366        0.703003
0.367367        0.705438
0.368368        0.711435
0.369369        0.722559
0.37037         0.740182
0.371371        0.760611
0.372372        0.77161
0.373373        0.765444
0.374374        0.74664
0.375375        0.727199
0.376376        0.714137
0.377377        0.706925
0.378378        0.703503
0.379379        0.701969
0.38038         0.701482
0.381381        0.701382
0.382382        0.701977
0.383383        0.703453
0.384384        0.706466
0.385385        0.713111
0.386386        0.724784
0.387387        0.742271
0.388388        0.760153
0.389389        0.767677
0.39039         0.759474
0.391391        0.741378
0.392392        0.724171
0.393393        0.712633
0.394394        0.706385
0.395395        0.703374
0.396396        0.701958
0.397397        0.701669
0.398398        0.701754
0.399399        0.702692
0.4004          0.704943
0.401401        0.709348
0.402402        0.717972
0.403403        0.73187
0.404404        0.749029
0.405405        0.761817
0.406406        0.761731
0.407407        0.748688
0.408408        0.731573
0.409409        0.717824
0.41041         0.709219
0.411411        0.704977
0.412412        0.702748
0.413413        0.701899
0.414414        0.702068
0.415415        0.702572
0.416416        0.704595
0.417417        0.708584
0.418418        0.715774
0.419419        0.728047
0.42042         0.743556
0.421421        0.756413
0.422422        0.759074
0.423423        0.74918
0.424424        0.733582
0.425425        0.720049
0.426426        0.710762
0.427427        0.705776
0.428428        0.703501
0.429429        0.702206
0.43043         0.702325
0.431431        0.703194
0.432432        0.705088
0.433433        0.709504
0.434434        0.717032
0.435435        0.728778
0.436436        0.743075
0.437437        0.753772
0.438438        0.754622
0.439439        0.744924
0.44044         0.730749
0.441441        0.718495
0.442442        0.710307
0.443443        0.705752
0.444444        0.703558
0.445445        0.702634
0.446446        0.702914
0.447447        0.7042
0.448448        0.706941
0.449449        0.712476
0.45045         0.721222
0.451451        0.733356
0.452452        0.745625
0.453453        0.751676
0.454454        0.748185
0.455455        0.737032
0.456456        0.724357
0.457457        0.71463
0.458458        0.708302
0.459459        0.704973
0.46046         0.703538
0.461461        0.703158
0.462462        0.704147
0.463463        0.706483
0.464464        0.710796
0.465465        0.718371
0.466466        0.728697
0.467467        0.739891
0.468468        0.747414
0.469469        0.746411
0.47047         0.738143
0.471471        0.726819
0.472472        0.716693
0.473473        0.710189
0.474474        0.706138
0.475475        0.704223
0.476476        0.703979
0.477477        0.704587
0.478478        0.706941
0.479479        0.711312
0.48048         0.718069
0.481481        0.727614
0.482482        0.737431
0.483483        0.74356
0.484484        0.743026
0.485485        0.735618
0.486486        0.725656
0.487487        0.716872
0.488488        0.710323
0.489489        0.706827
0.49049         0.70506
0.491491        0.704578
0.492492        0.705966
0.493493        0.7084
0.494494        0.713067
0.495495        0.720247
0.496496        0.728601
0.497497        0.736644
0.498498        0.740451
0.499499        0.737989
0.500501        0.731026
0.501502        0.722331
0.502503        0.714859
0.503504        0.709948
0.504505        0.706924
0.505506        0.705756
0.506507        0.706224
0.507508        0.707776
0.508509        0.711352
0.50951         0.716706
0.510511        0.723501
0.511512        0.730861
0.512513        0.735561
0.513514        0.736001
0.514515        0.731799
0.515516        0.72476
0.516517        0.718008
0.517518        0.712514
0.518519        0.709078
0.51952         0.707531
0.520521        0.707301
0.521522        0.708655
0.522523        0.711497
0.523524        0.715749
0.524525        0.721307
0.525526        0.72707
0.526527        0.731065
0.527528        0.732079
0.528529        0.729421
0.52953         0.724312
0.530531        0.718934
0.531532        0.714139
0.532533        0.711066
0.533534        0.70952
0.534535        0.709266
0.535536        0.71055
0.536537        0.712842
0.537538        0.716356
0.538539        0.720458
0.53954         0.724321
0.540541        0.726964
0.541542        0.727281
0.542543        0.725477
0.543544        0.722064
0.544545        0.718298
0.545546        0.715113
0.546547        0.712847
0.547548        0.711822
0.548549        0.711854
0.54955         0.712886
0.550551        0.714682
0.551552        0.717087
0.552553        0.719482
0.553554        0.721483
0.554555        0.722614
0.555556        0.722338
0.556557        0.721241
0.557558        0.71927
0.558559        0.717228
0.55956         0.715611
0.560561        0.714318
0.561562        0.713939
0.562563        0.714043
0.563564        0.714654
0.564565        0.715733
0.565566        0.716786
0.566567        0.717813
0.567568        0.718512
0.568569        0.718711
0.56957         0.718459
0.570571        0.717839
0.571572        0.716979
0.572573        0.716132
0.573574        0.715463
0.574575        0.714952
0.575576        0.714823
0.576577        0.714834
0.577578        0.715086
0.578579        0.715443
0.57958         0.715724
0.580581        0.716077
0.581582        0.716115
0.582583        0.716144
0.583584        0.715971
0.584585        0.715631
0.585586        0.715399
0.586587        0.715024
0.587588        0.714762
0.588589        0.714628
0.58959         0.714457
0.590591        0.714421
0.591592        0.714518
0.592593        0.714435
0.593594        0.714546
0.594595        0.714578
0.595596        0.714404
0.596597        0.714501
0.597598        0.714311
0.598599        0.714139
0.5996          0.71414
0.600601        0.713858
0.601602        0.713773
0.602603        0.713735
0.603604        0.713547
0.604605        0.713515
0.605606        0.713503
0.606607        0.71333
0.607608        0.71333
0.608609        0.713336
0.60961         0.713078
0.610611        0.713198
0.611612        0.713015
0.612613        0.712839
0.613614        0.712965
0.614615        0.712649
0.615616        0.712691
0.616617        0.712599
0.617618        0.712451
0.618619        0.712429
0.61962         0.712332
0.620621        0.712276
0.621622        0.712127
0.622623        0.71219
0.623624        0.711931
0.624625        0.711971
0.625626        0.71189
0.626627        0.711658
0.627628        0.711815
0.628629        0.711492
0.62963         0.711538
0.630631        0.711471
0.631632        0.711258
0.632633        0.711356
0.633634        0.711127
0.634635        0.711147
0.635636        0.711014
0.636637        0.710955
0.637638        0.710946
0.638639        0.710828
0.63964         0.711311
0.640641        0.712503
0.641642        0.718665
0.642643        0.74101
0.643644        0.803816
0.644645        0.900809
0.645646        0.94015
0.646647        0.871628
0.647648        0.778605
0.648649        0.730843
0.64965         0.715401
0.650651        0.711279
0.651652        0.710543
0.652653        0.709833
0.653654        0.710087
0.654655        0.709708
0.655656        0.709773
0.656657        0.709697
0.657658        0.709461
0.658659        0.709709
0.65966         0.709202
0.660661        0.709559
0.661662        0.709176
0.662663        0.709161
0.663664        0.709344
0.664665        0.708896
0.665666        0.709758
0.666667        0.710839
0.667668        0.717545
0.668669        0.741561
0.66967         0.806682
0.670671        0.902676
0.671672        0.934792
0.672673        0.862247
0.673674        0.771866
0.674675        0.727357
0.675676        0.713146
0.676677        0.709478
0.677678        0.708832
0.678679        0.70794
0.67968         0.708624
0.680681        0.707785
0.681682        0.708118
0.682683        0.708142
0.683684        0.707519
0.684685        0.708219
0.685686        0.70741
0.686687        0.707847
0.687688        0.70752
0.688689        0.707492
0.68969         0.707565
0.690691        0.707392
0.691692        0.708362
0.692693        0.710367
0.693694        0.721302
0.694695        0.756057
0.695696        0.837068
0.696697        0.92227
0.697698        0.914817
0.698699        0.825015
0.6997          0.748984
0.700701        0.718808
0.701702        0.709691
0.702703        0.707298
0.703704        0.707051
0.704705        0.706563
0.705706        0.706522
0.706707        0.706565
0.707708        0.706378
0.708709        0.70624
0.70971         0.706382
0.710711        0.706135
0.711712        0.706031
0.712713        0.706181
0.713714        0.705897
0.714715        0.705827
0.715716        0.706159
0.716717        0.705952
0.717718        0.707514
0.718719        0.712792
0.71972         0.732182
0.720721        0.789643
0.721722        0.882465
0.722723        0.929231
0.723724        0.869608
0.724725        0.778138
0.725726        0.727852
0.726727        0.710967
0.727728        0.706848
0.728729        0.705388
0.72973         0.705362
0.730731        0.705
0.731732        0.705045
0.732733        0.704979
0.733734        0.704739
0.734735        0.705007
0.735736        0.704506
0.736737        0.704879
0.737738        0.704532
0.738739        0.704486
0.73974         0.704692
0.740741        0.704261
0.741742        0.70482
0.742743        0.705296
0.743744        0.708667
0.744745        0.721545
0.745746        0.76274
0.746747        0.8478
0.747748        0.920617
0.748749        0.894898
0.74975         0.803419
0.750751        0.738003
0.751752        0.713146
0.752753        0.706143
0.753754        0.704488
0.754755        0.703828
0.755756        0.703858
0.756757        0.70364
0.757758        0.703605
0.758759        0.703655
0.75976         0.703379
0.760761        0.703568
0.761762        0.703354
0.762763        0.703291
0.763764        0.703414
0.764765        0.703103
0.765766        0.703301
0.766767        0.703325
0.767768        0.703872
0.768769        0.706626
0.76977         0.716809
0.770771        0.751495
0.771772        0.829093
0.772773        0.909633
0.773774        0.901734
0.774775        0.815674
0.775776        0.743886
0.776777        0.714152
0.777778        0.705731
0.778779        0.703316
0.77978         0.702815
0.780781        0.702698
0.781782        0.702454
0.782783        0.702585
0.783784        0.702391
0.784785        0.702406
0.785786        0.702364
0.786787        0.702248
0.787788        0.702328
0.788789        0.702116
0.78979         0.702239
0.790791        0.702156
0.791792        0.70223
0.792793        0.703058
0.793794        0.705608
0.794795        0.716447
0.795796        0.751553
0.796797        0.828686
0.797798        0.906075
0.798799        0.895548
0.7998          0.810837
0.800801        0.741351
0.801802        0.712976
0.802803        0.704581
0.803804        0.702429
0.804805        0.701918
0.805806        0.701633
0.806807        0.701715
0.807808        0.701544
0.808809        0.701557
0.80981         0.701559
0.810811        0.701414
0.811812        0.701526
0.812813        0.701382
0.813814        0.701394
0.814815        0.701416
0.815816        0.701349
0.816817        0.701671
0.817818        0.702543
0.818819        0.706372
0.81982         0.72067
0.820821        0.763949
0.821822        0.846153
0.822823        0.908076
0.823824        0.875475
0.824825        0.789534
0.825826        0.731256
0.826827        0.709397
0.827828        0.703193
0.828829        0.701661
0.82983         0.701114
0.830831        0.701109
0.831832        0.701043
0.832833        0.700902
0.833834        0.701058
0.834835        0.700906
0.835836        0.700875
0.836837        0.700975
0.837838        0.700825
0.838839        0.700854
0.83984         0.700926
0.840841        0.700927
0.841842        0.701411
0.842843        0.703245
0.843844        0.710047
0.844845        0.733759
0.845846        0.793992
0.846847        0.876476
0.847848        0.900923
0.848849        0.836196
0.84985         0.758122
0.850851        0.718546
0.851852        0.705399
0.852853        0.701914
0.853854        0.70109
0.854855        0.70065
0.855856        0.700754
0.856857        0.700674
0.857858        0.700576
0.858859        0.700721
0.85986         0.700576
0.860861        0.700631
0.861862        0.700635
0.862863        0.700571
0.863864        0.700662
0.864865        0.700653
0.865866        0.700974
0.866867        0.702088
0.867868        0.706382
0.868869        0.721735
0.86987         0.765871
0.870871        0.844327
0.871872        0.897807
0.872873        0.862478
0.873874        0.781893
0.874875        0.728664
0.875876        0.708502
0.876877        0.702555
0.877878        0.701196
0.878879        0.700578
0.87988         0.700594
0.880881        0.700598
0.881882        0.700401
0.882883        0.700614
0.883884        0.700461
0.884885        0.700483
0.885886        0.700552
0.886887        0.700463
0.887888        0.700534
0.888889        0.700568
0.88989         0.700867
0.890891        0.701731
0.891892        0.705367
0.892893        0.718033
0.893894        0.755465
0.894895        0.82805
0.895896        0.888902
0.896897        0.86878
0.897898        0.792478
0.898899        0.734371
0.8999          0.710501
0.900901        0.703129
0.901902        0.701267
0.902903        0.700602
0.903904        0.700584
0.904905        0.700524
0.905906        0.700396
0.906907        0.700598
0.907908        0.700402
0.908909        0.700483
0.90991         0.700539
0.910911        0.700397
0.911912        0.700544
0.912913        0.700575
0.913914        0.700835
0.914915        0.701956
0.915916        0.705908
0.916917        0.719465
0.917918        0.758319
0.918919        0.829477
0.91992         0.884513
0.920921        0.860477
0.921922        0.786482
0.922923        0.73225
0.923924        0.709992
0.924925        0.702949
0.925926        0.701319
0.926927        0.700599
0.927928        0.700498
0.928929        0.700618
0.92993         0.70037
0.930931        0.700537
0.931932        0.700524
0.932933        0.700414
0.933934        0.700527
0.934935        0.700508
0.935936        0.700464
0.936937        0.700674
0.937938        0.701133
0.938939        0.702633
0.93994         0.708642
0.940941        0.727443
0.941942        0.77521
0.942943        0.846737
0.943944        0.880546
0.944945        0.836769
0.945946        0.766076
0.946947        0.723232
0.947948        0.707321
0.948949        0.702254
0.94995         0.701048
0.950951        0.700647
0.951952        0.700493
0.952953        0.700544
0.953954        0.700491
0.954955        0.700494
0.955956        0.700498
0.956957        0.700533
0.957958        0.70046
0.958959        0.700549
0.95996         0.700594
0.960961        0.700809
0.961962        0.701885
0.962963        0.705067
0.963964        0.716395
0.964965        0.748368
0.965966        0.810691
0.966967        0.868754
0.967968        0.859947
0.968969        0.795282
0.96997         0.738678
0.970971        0.712668
0.971972        0.704105
0.972973        0.701432
0.973974        0.700815
0.974975        0.700591
0.975976        0.700517
0.976977        0.700523
0.977978        0.700525
0.978979        0.700513
0.97998         0.700495
0.980981        0.700575
0.981982        0.700472
0.982983        0.700631
0.983984        0.700816
0.984985        0.701524
0.985986        0.704347
0.986987        0.713042
0.987988        0.739205
0.988989        0.794117
0.98999         0.855512
0.990991        0.862813
0.991992        0.806943
0.992993        0.747392
0.993994        0.716323
0.994995        0.705193
0.995996        0.701959
0.996997        0.700886
0.997998        0.700597
0.998999        0.700613
1               0.700538
