#====================================================
#   t = 3.6     rho_bar = 0.7     Viscosity = 0
#====================================================
#x              rho
#====================================================
0               0.73478
0.001001        0.739293
0.002002        0.738962
0.003003        0.734123
0.004004        0.727125
0.00500501      0.720703
0.00600601      0.716299
0.00700701      0.714402
0.00800801      0.71479
0.00900901      0.717327
0.01001         0.721518
0.011011        0.726679
0.012012        0.731295
0.013013        0.733862
0.014014        0.733294
0.015015        0.730105
0.016016        0.725599
0.017017        0.721476
0.018018        0.718606
0.019019        0.71749
0.02002         0.717943
0.021021        0.719808
0.022022        0.722486
0.023023        0.725396
0.024024        0.727612
0.025025        0.728547
0.026026        0.727905
0.027027        0.726103
0.028028        0.723775
0.029029        0.721677
0.03003         0.720256
0.031031        0.719734
0.032032        0.72006
0.033033        0.721021
0.034034        0.722291
0.035035        0.723466
0.036036        0.72423
0.037037        0.724367
0.038038        0.72394
0.039039        0.723092
0.04004         0.722145
0.041041        0.72128
0.042042        0.720727
0.043043        0.720476
0.044044        0.720575
0.045045        0.720852
0.046046        0.721257
0.047047        0.721561
0.048048        0.721736
0.049049        0.721638
0.0500501       0.721409
0.0510511       0.721022
0.0520521       0.720687
0.0530531       0.720345
0.0540541       0.720157
0.0550551       0.719995
0.0560561       0.719971
0.0570571       0.719924
0.0580581       0.719972
0.0590591       0.719944
0.0600601       0.71995
0.0610611       0.719823
0.0620621       0.719704
0.0630631       0.719482
0.0640641       0.719321
0.0650651       0.719125
0.0660661       0.719018
0.0670671       0.718899
0.0680681       0.718839
0.0690691       0.718737
0.0700701       0.71866
0.0710711       0.718553
0.0720721       0.718467
0.0730731       0.718359
0.0740741       0.718249
0.0750751       0.718131
0.0760761       0.718004
0.0770771       0.717882
0.0780781       0.71775
0.0790791       0.717643
0.0800801       0.717522
0.0810811       0.71743
0.0820821       0.717315
0.0830831       0.717233
0.0840841       0.717123
0.0850851       0.71704
0.0860861       0.716912
0.0870871       0.716812
0.0880881       0.71667
0.0890891       0.71657
0.0900901       0.716441
0.0910911       0.716364
0.0920921       0.71625
0.0930931       0.716165
0.0940941       0.716031
0.0950951       0.715932
0.0960961       0.715797
0.0970971       0.715704
0.0980981       0.715585
0.0990991       0.715504
0.1001          0.715385
0.101101        0.715289
0.102102        0.715165
0.103103        0.715076
0.104104        0.714965
0.105105        0.714876
0.106106        0.714757
0.107107        0.714654
0.108108        0.714528
0.109109        0.71442
0.11011         0.714306
0.111111        0.714219
0.112112        0.714116
0.113113        0.71402
0.114114        0.713895
0.115115        0.713792
0.116116        0.713678
0.117117        0.713593
0.118118        0.713491
0.119119        0.713409
0.12012         0.713293
0.121121        0.713187
0.122122        0.713049
0.123123        0.712954
0.124124        0.712842
0.125125        0.712771
0.126126        0.712655
0.127127        0.712571
0.128128        0.712435
0.129129        0.712338
0.13013         0.712214
0.131131        0.712145
0.132132        0.712048
0.133133        0.711975
0.134134        0.711854
0.135135        0.711748
0.136136        0.71161
0.137137        0.711512
0.138138        0.711406
0.139139        0.711339
0.14014         0.711248
0.141141        0.711157
0.142142        0.711037
0.143143        0.710918
0.144144        0.710803
0.145145        0.710701
0.146146        0.710621
0.147147        0.710544
0.148148        0.710461
0.149149        0.710359
0.15015         0.710251
0.151151        0.710137
0.152152        0.710032
0.153153        0.709925
0.154154        0.709838
0.155155        0.709738
0.156156        0.709651
0.157157        0.709542
0.158158        0.709459
0.159159        0.709357
0.16016         0.70928
0.161161        0.709174
0.162162        0.709089
0.163163        0.708976
0.164164        0.708889
0.165165        0.708772
0.166166        0.708698
0.167167        0.708588
0.168168        0.70852
0.169169        0.708398
0.17017         0.708328
0.171171        0.708204
0.172172        0.708141
0.173173        0.708028
0.174174        0.707969
0.175175        0.707854
0.176176        0.707785
0.177177        0.707661
0.178178        0.707586
0.179179        0.707469
0.18018         0.707408
0.181181        0.707301
0.182182        0.707238
0.183183        0.707126
0.184184        0.707051
0.185185        0.70694
0.186186        0.706864
0.187187        0.706771
0.188188        0.706696
0.189189        0.706608
0.19019         0.706521
0.191191        0.706426
0.192192        0.706332
0.193193        0.706251
0.194194        0.70617
0.195195        0.7061
0.196196        0.706012
0.197197        0.705931
0.198198        0.705822
0.199199        0.705735
0.2002          0.705633
0.201201        0.705576
0.202202        0.705498
0.203203        0.705452
0.204204        0.705361
0.205205        0.705285
0.206206        0.705166
0.207207        0.705082
0.208208        0.704976
0.209209        0.704922
0.21021         0.70485
0.211211        0.70481
0.212212        0.704723
0.213213        0.704653
0.214214        0.704541
0.215215        0.704463
0.216216        0.704362
0.217217        0.704312
0.218218        0.704236
0.219219        0.704195
0.22022         0.70411
0.221221        0.704046
0.222222        0.703945
0.223223        0.703878
0.224224        0.70379
0.225225        0.703736
0.226226        0.703662
0.227227        0.703608
0.228228        0.703528
0.229229        0.703459
0.23023         0.703381
0.231231        0.703319
0.232232        0.703256
0.233233        0.703199
0.234234        0.70314
0.235235        0.703069
0.236236        0.703001
0.237237        0.702917
0.238238        0.702857
0.239239        0.702784
0.24024         0.702745
0.241241        0.702677
0.242242        0.702643
0.243243        0.702564
0.244244        0.702525
0.245245        0.702435
0.246246        0.702401
0.247247        0.702313
0.248248        0.702286
0.249249        0.702197
0.25025         0.702173
0.251251        0.702083
0.252252        0.702067
0.253253        0.701987
0.254254        0.701979
0.255255        0.701901
0.256256        0.701882
0.257257        0.701794
0.258258        0.70176
0.259259        0.701673
0.26026         0.701648
0.261261        0.701589
0.262262        0.701577
0.263263        0.701527
0.264264        0.7015
0.265265        0.701439
0.266266        0.70139
0.267267        0.70133
0.268268        0.70129
0.269269        0.70126
0.27027         0.701233
0.271271        0.701211
0.272272        0.701165
0.273273        0.701128
0.274274        0.70106
0.275275        0.701026
0.276276        0.700973
0.277277        0.700975
0.278278        0.700938
0.279279        0.700949
0.28028         0.700892
0.281281        0.700881
0.282282        0.700796
0.283283        0.700779
0.284284        0.70071
0.285285        0.700725
0.286286        0.700683
0.287287        0.700711
0.288288        0.700662
0.289289        0.700669
0.29029         0.700597
0.291291        0.700589
0.292292        0.700524
0.293293        0.700532
0.294294        0.700489
0.295295        0.700507
0.296296        0.700468
0.297297        0.700474
0.298298        0.700431
0.299299        0.700431
0.3003          0.700392
0.301301        0.700391
0.302302        0.700362
0.303303        0.700357
0.304304        0.700325
0.305305        0.700315
0.306306        0.700293
0.307307        0.700291
0.308308        0.700283
0.309309        0.70028
0.31031         0.700273
0.311311        0.700254
0.312312        0.700233
0.313313        0.700204
0.314314        0.700195
0.315315        0.700184
0.316316        0.700193
0.317317        0.70019
0.318318        0.700199
0.319319        0.700178
0.32032         0.700167
0.321321        0.700134
0.322322        0.70013
0.323323        0.700114
0.324324        0.700131
0.325325        0.700129
0.326326        0.700155
0.327327        0.700193
0.328328        0.700466
0.329329        0.70172
0.33033         0.707546
0.331331        0.731511
0.332332        0.803935
0.333333        0.916152
0.334334        0.953645
0.335335        0.865467
0.336336        0.76298
0.337337        0.716687
0.338338        0.703871
0.339339        0.700918
0.34034         0.700264
0.341341        0.70012
0.342342        0.700103
0.343343        0.70011
0.344344        0.700126
0.345345        0.700122
0.346346        0.700117
0.347347        0.700096
0.348348        0.70013
0.349349        0.700321
0.35035         0.701284
0.351351        0.705538
0.352352        0.723331
0.353353        0.78142
0.354354        0.888592
0.355355        0.951561
0.356356        0.887668
0.357357        0.780608
0.358358        0.723035
0.359359        0.70546
0.36036         0.701292
0.361361        0.700342
0.362362        0.70018
0.363363        0.700128
0.364364        0.700149
0.365365        0.700117
0.366366        0.700129
0.367367        0.700093
0.368368        0.700126
0.369369        0.70016
0.37037         0.70045
0.371371        0.701595
0.372372        0.706726
0.373373        0.727341
0.374374        0.790676
0.375375        0.896199
0.376376        0.944498
0.377377        0.871565
0.378378        0.770515
0.379379        0.719874
0.38038         0.704816
0.381381        0.701207
0.382382        0.700386
0.383383        0.700198
0.384384        0.700132
0.385385        0.700124
0.386386        0.700106
0.387387        0.700137
0.388388        0.700139
0.389389        0.700204
0.39039         0.700285
0.391391        0.700753
0.392392        0.70266
0.393393        0.710983
0.394394        0.741884
0.395395        0.821597
0.396396        0.919236
0.397397        0.926089
0.398398        0.832797
0.399399        0.747811
0.4004          0.712755
0.401401        0.703174
0.402402        0.700836
0.403403        0.700359
0.404404        0.700179
0.405405        0.700201
0.406406        0.700145
0.407407        0.700204
0.408408        0.700164
0.409409        0.700227
0.41041         0.700226
0.411411        0.70049
0.412412        0.70144
0.413413        0.705749
0.414414        0.722667
0.415415        0.775869
0.416416        0.872839
0.417417        0.932903
0.418418        0.879344
0.419419        0.781264
0.42042         0.724795
0.421421        0.70636
0.422422        0.701644
0.423423        0.700539
0.424424        0.700271
0.425425        0.700214
0.426426        0.700208
0.427427        0.700208
0.428428        0.700221
0.429429        0.700217
0.43043         0.700265
0.431431        0.700397
0.432432        0.701102
0.433433        0.703973
0.434434        0.71563
0.435435        0.75483
0.436436        0.840382
0.437437        0.920214
0.438438        0.899621
0.439439        0.805548
0.44044         0.735994
0.441441        0.709667
0.442442        0.702553
0.443443        0.700755
0.444444        0.700386
0.445445        0.700229
0.446446        0.700253
0.447447        0.700197
0.448448        0.700256
0.449449        0.700225
0.45045         0.700322
0.451451        0.700428
0.452452        0.701095
0.453453        0.703611
0.454454        0.713816
0.455455        0.748362
0.456456        0.827271
0.457457        0.909581
0.458458        0.901488
0.459459        0.813457
0.46046         0.740827
0.461461        0.711363
0.462462        0.703028
0.463463        0.700925
0.464464        0.700445
0.465465        0.700304
0.466466        0.700283
0.467467        0.700253
0.468468        0.700261
0.469469        0.700261
0.47047         0.700317
0.471471        0.700492
0.472472        0.701236
0.473473        0.704206
0.474474        0.715659
0.475475        0.752914
0.476476        0.832458
0.477477        0.907284
0.478478        0.890584
0.479479        0.803904
0.48048         0.73695
0.481481        0.710421
0.482482        0.702844
0.483483        0.700928
0.484484        0.700448
0.485485        0.700336
0.486486        0.700296
0.487487        0.700295
0.488488        0.700285
0.489489        0.700313
0.49049         0.700372
0.491491        0.700669
0.492492        0.701788
0.493493        0.706254
0.494494        0.722523
0.495495        0.770137
0.496496        0.85394
0.497497        0.907408
0.498498        0.865023
0.499499        0.779768
0.500501        0.726536
0.501502        0.707443
0.502503        0.702117
0.503504        0.700769
0.504505        0.700423
0.505506        0.700347
0.506507        0.70031
0.507508        0.700314
0.508509        0.700306
0.50951         0.700361
0.510511        0.700499
0.511512        0.701123
0.512513        0.703412
0.513514        0.712089
0.514515        0.740522
0.515516        0.806905
0.516517        0.884688
0.517518        0.892102
0.518519        0.819599
0.51952         0.747852
0.520521        0.714533
0.521522        0.70412
0.522523        0.701265
0.523524        0.700608
0.524525        0.700387
0.525526        0.700401
0.526527        0.700334
0.527528        0.700381
0.528529        0.700338
0.52953         0.700488
0.530531        0.700849
0.531532        0.702519
0.532533        0.708517
0.533534        0.729086
0.534535        0.782356
0.535536        0.861135
0.536537        0.89413
0.537538        0.840691
0.538539        0.764065
0.53954         0.721151
0.540541        0.706121
0.541542        0.701881
0.542543        0.700733
0.543544        0.700453
0.544545        0.700373
0.545546        0.700364
0.546547        0.700375
0.547548        0.700393
0.548549        0.700512
0.54955         0.700894
0.550551        0.702457
0.551552        0.708072
0.552553        0.727066
0.553554        0.776466
0.554555        0.852013
0.555556        0.888568
0.556557        0.841953
0.557558        0.767361
0.558559        0.723072
0.55956         0.706825
0.560561        0.702145
0.561562        0.700787
0.562563        0.700507
0.563564        0.700357
0.564565        0.700402
0.565566        0.700351
0.566567        0.700447
0.567568        0.700539
0.568569        0.701129
0.56957         0.703077
0.570571        0.710208
0.571572        0.732764
0.572573        0.786735
0.573574        0.858212
0.574575        0.880119
0.575576        0.825697
0.576577        0.756715
0.577578        0.719089
0.578579        0.705776
0.57958         0.701852
0.580581        0.700774
0.581582        0.70048
0.582583        0.700399
0.583584        0.700399
0.584585        0.700408
0.585586        0.700506
0.586587        0.700754
0.587588        0.701746
0.588589        0.705162
0.58959         0.71682
0.590591        0.749942
0.591592        0.813837
0.592593        0.871152
0.593594        0.859675
0.594595        0.793209
0.595596        0.737232
0.596597        0.711976
0.597598        0.70375
0.598599        0.701315
0.5996          0.700693
0.600601        0.700461
0.601602        0.700443
0.602603        0.70039
0.603604        0.700469
0.604605        0.700619
0.605606        0.701318
0.606607        0.703606
0.607608        0.711442
0.608609        0.734858
0.60961         0.787163
0.610611        0.851452
0.611612        0.866949
0.612613        0.815114
0.613614        0.752568
0.614615        0.718289
0.615616        0.705769
0.616617        0.701925
0.617618        0.700831
0.618619        0.700526
0.61962         0.700454
0.620621        0.700449
0.621622        0.700487
0.622623        0.700656
0.623624        0.701256
0.624625        0.703368
0.625626        0.71038
0.626627        0.73134
0.627628        0.778983
0.628629        0.841425
0.62963         0.863006
0.630631        0.818516
0.631632        0.75704
0.632633        0.720703
0.633634        0.706699
0.634635        0.70226
0.635636        0.70094
0.636637        0.700563
0.637638        0.70046
0.638639        0.700456
0.63964         0.70052
0.640641        0.700755
0.641642        0.701537
0.642643        0.704157
0.643644        0.712569
0.644645        0.736435
0.645646        0.786354
0.646647        0.843712
0.647648        0.854326
0.648649        0.805835
0.64965         0.749176
0.650651        0.717745
0.651652        0.705838
0.652653        0.702039
0.653654        0.700887
0.654655        0.700559
0.655656        0.700464
0.656657        0.700487
0.657658        0.700601
0.658659        0.701023
0.65966         0.702354
0.660661        0.706692
0.661662        0.719768
0.662663        0.752716
0.663664        0.808168
0.664665        0.850537
0.665666        0.834895
0.666667        0.779108
0.667668        0.7332
0.668669        0.711601
0.66967         0.703917
0.670671        0.701503
0.671672        0.700766
0.672673        0.700561
0.673674        0.700513
0.674675        0.700575
0.675676        0.70084
0.676677        0.701771
0.677678        0.704775
0.678679        0.71394
0.67968         0.738325
0.680681        0.785785
0.681682        0.836066
0.682683        0.841749
0.683684        0.796404
0.684685        0.745545
0.685686        0.717047
0.686687        0.705867
0.687688        0.70213
0.688689        0.70095
0.68969         0.700596
0.690691        0.70052
0.691692        0.700585
0.692693        0.700872
0.693694        0.70177
0.694695        0.704584
0.695696        0.712973
0.696697        0.735163
0.697698        0.778963
0.698699        0.828047
0.6997          0.838238
0.700701        0.798244
0.701702        0.748519
0.702703        0.718849
0.703704        0.706645
0.704705        0.702463
0.705706        0.701082
0.706707        0.700683
0.707708        0.700547
0.708709        0.70064
0.70971         0.700965
0.710711        0.702143
0.711712        0.705618
0.712713        0.715711
0.713714        0.740669
0.714715        0.78554
0.715716        0.828514
0.716717        0.829142
0.717718        0.786669
0.718719        0.741509
0.71972         0.716065
0.720721        0.705795
0.721722        0.702188
0.722723        0.701025
0.723724        0.700651
0.724725        0.700613
0.725726        0.70078
0.726727        0.701417
0.727728        0.703334
0.728729        0.708955
0.72973         0.723994
0.730731        0.756621
0.731732        0.802872
0.732733        0.830004
0.733734        0.810143
0.734735        0.764192
0.735736        0.728212
0.736737        0.710664
0.737738        0.703948
0.738739        0.701606
0.73974         0.700858
0.740741        0.700638
0.741742        0.700739
0.742743        0.701181
0.743744        0.702629
0.744745        0.706717
0.745746        0.717857
0.746747        0.743417
0.747748        0.785348
0.748749        0.820815
0.74975         0.81649
0.750751        0.776858
0.751752        0.737213
0.752753        0.714861
0.753754        0.705603
0.754755        0.702207
0.755756        0.701114
0.756757        0.700752
0.757758        0.700827
0.758759        0.701222
0.75976         0.70262
0.760761        0.706493
0.761762        0.716937
0.762763        0.740644
0.763764        0.779829
0.764765        0.814543
0.765766        0.813333
0.766767        0.777394
0.767768        0.73888
0.768769        0.71607
0.76977         0.706207
0.770771        0.702495
0.771772        0.701213
0.772773        0.700819
0.773774        0.700882
0.774775        0.701461
0.775776        0.703222
0.776777        0.708067
0.777778        0.720301
0.778779        0.746249
0.77978         0.784617
0.780781        0.812601
0.781782        0.803995
0.782783        0.767528
0.783784        0.733075
0.784785        0.713712
0.785786        0.705369
0.786787        0.702253
0.787788        0.70115
0.788789        0.700919
0.78979         0.70115
0.790791        0.702179
0.791792        0.704988
0.792793        0.712392
0.793794        0.729522
0.794795        0.760689
0.795796        0.796099
0.796797        0.808762
0.797798        0.786217
0.798799        0.749714
0.7998          0.7228
0.800801        0.709336
0.801802        0.703794
0.802803        0.701749
0.803804        0.701091
0.804805        0.701119
0.805806        0.70183
0.806807        0.703976
0.807808        0.709584
0.808809        0.722848
0.80981         0.748617
0.810811        0.782856
0.811812        0.803761
0.812813        0.792087
0.813814        0.759035
0.814815        0.72939
0.815816        0.712637
0.816817        0.705212
0.817818        0.702319
0.818819        0.701324
0.81982         0.701232
0.820821        0.7019
0.821822        0.703979
0.822823        0.709323
0.823824        0.721751
0.824825        0.745652
0.825826        0.777707
0.826827        0.798522
0.827828        0.789576
0.828829        0.759295
0.82983         0.730547
0.830831        0.713545
0.831832        0.705735
0.832833        0.702609
0.833834        0.701529
0.834835        0.701465
0.835836        0.702309
0.836837        0.704862
0.837838        0.711193
0.838839        0.725174
0.83984         0.750019
0.840841        0.779677
0.841842        0.794463
0.842843        0.781166
0.843844        0.751763
0.844845        0.726352
0.845846        0.711804
0.846847        0.705163
0.847848        0.702474
0.848849        0.701637
0.84985         0.701838
0.850851        0.703318
0.851852        0.70721
0.852853        0.716239
0.853854        0.734094
0.854855        0.760936
0.855856        0.784876
0.856857        0.787487
0.857858        0.766372
0.858859        0.738756
0.85986         0.718893
0.860861        0.708485
0.861862        0.703871
0.862863        0.702152
0.863864        0.70189
0.864865        0.702892
0.865866        0.705845
0.866867        0.712805
0.867868        0.726983
0.868869        0.750108
0.86987         0.775005
0.870871        0.785025
0.871872        0.771524
0.872873        0.745896
0.873874        0.72405
0.874875        0.711271
0.875876        0.705214
0.876877        0.702772
0.877878        0.702206
0.878879        0.703023
0.87988         0.705796
0.880881        0.712259
0.881882        0.725323
0.882883        0.746507
0.883884        0.769865
0.884885        0.780572
0.885886        0.769798
0.886887        0.746418
0.887888        0.725268
0.888889        0.71225
0.88989         0.705874
0.890891        0.703212
0.891892        0.702642
0.892893        0.703618
0.893894        0.706856
0.894895        0.714058
0.895896        0.727867
0.896897        0.748599
0.897898        0.769114
0.898899        0.775813
0.8999          0.763305
0.900901        0.741336
0.901902        0.72257
0.902903        0.71119
0.903904        0.705638
0.904905        0.703401
0.905906        0.703241
0.906907        0.704915
0.907908        0.709443
0.908909        0.718716
0.90991         0.734628
0.910911        0.754918
0.911912        0.769904
0.912913        0.768775
0.913914        0.752472
0.914915        0.732362
0.915916        0.717348
0.916917        0.708841
0.917918        0.70489
0.918919        0.703683
0.91992         0.704507
0.920921        0.707763
0.921922        0.714845
0.922923        0.727571
0.923924        0.745474
0.924925        0.762126
0.925926        0.767026
0.926927        0.756507
0.927928        0.738196
0.928929        0.722012
0.92993         0.711708
0.930931        0.706492
0.931932        0.704508
0.932933        0.704893
0.933934        0.707636
0.934935        0.713916
0.935936        0.725104
0.936937        0.741115
0.937938        0.756744
0.938939        0.763028
0.93994         0.75537
0.940941        0.739319
0.941942        0.723747
0.942943        0.713227
0.943944        0.707575
0.944945        0.705402
0.945946        0.705728
0.946947        0.708634
0.947948        0.714993
0.948949        0.725912
0.94995         0.740633
0.950951        0.7541
0.951952        0.758594
0.952953        0.751007
0.953954        0.736499
0.954955        0.722614
0.955956        0.713158
0.956957        0.708086
0.957958        0.706329
0.958959        0.707158
0.95996         0.710805
0.960961        0.717987
0.961962        0.729237
0.962963        0.742584
0.963964        0.752614
0.964965        0.753309
0.965966        0.744313
0.966967        0.73108
0.967968        0.719571
0.968969        0.712043
0.96997         0.708363
0.970971        0.707618
0.971972        0.709617
0.972973        0.714575
0.973974        0.723071
0.974975        0.734297
0.975976        0.745003
0.976977        0.74984
0.977978        0.745995
0.978979        0.735808
0.97998         0.724629
0.980981        0.716038
0.981982        0.711066
0.982983        0.70923
0.983984        0.710179
0.984985        0.71385
0.985986        0.72051
0.986987        0.72963
0.987988        0.739002
0.988989        0.74465
0.98999         0.743585
0.990991        0.73648
0.991992        0.727095
0.992993        0.718995
0.993994        0.713778
0.994995        0.71155
0.995996        0.711998
0.996997        0.714978
0.997998        0.720365
0.998999        0.727572
1               0.73478
