#====================================================
#   t = 2.9     rho_bar = 0.7     Viscosity = 0
#====================================================
#x              rho
#====================================================
0               0.741924
0.001001        0.795162
0.002002        0.849371
0.003003        0.850396
0.004004        0.797108
0.00500501      0.743121
0.00600601      0.715259
0.00700701      0.705042
0.00800801      0.701851
0.00900901      0.700934
0.01001         0.700719
0.011011        0.701133
0.012012        0.702308
0.013013        0.706764
0.014014        0.719671
0.015015        0.752638
0.016016        0.808032
0.017017        0.850552
0.018018        0.835215
0.019019        0.779344
0.02002         0.733502
0.021021        0.711609
0.022022        0.70408
0.023023        0.701523
0.024024        0.700907
0.025025        0.70094
0.026026        0.701518
0.027027        0.704056
0.028028        0.711331
0.029029        0.732006
0.03003         0.775202
0.031031        0.828569
0.032032        0.845586
0.033033        0.80718
0.034034        0.753906
0.035035        0.720816
0.036036        0.707277
0.037037        0.702621
0.038038        0.701209
0.039039        0.700958
0.04004         0.701327
0.041041        0.703062
0.042042        0.708349
0.043043        0.723393
0.044044        0.757952
0.045045        0.809314
0.046046        0.841039
0.047047        0.819322
0.048048        0.768084
0.049049        0.728739
0.0500501       0.710438
0.0510511       0.70376
0.0520521       0.701558
0.0530531       0.701117
0.0540541       0.701287
0.0550551       0.702974
0.0560561       0.70763
0.0570571       0.721221
0.0580581       0.752226
0.0590591       0.800502
0.0600601       0.83448
0.0610611       0.819432
0.0620621       0.771874
0.0630631       0.731717
0.0640641       0.712041
0.0650651       0.704243
0.0660661       0.701932
0.0670671       0.701155
0.0680681       0.701554
0.0690691       0.703398
0.0700701       0.708682
0.0710711       0.723595
0.0720721       0.755427
0.0730731       0.801868
0.0740741       0.829807
0.0750751       0.811281
0.0760761       0.765385
0.0770771       0.728921
0.0780781       0.711094
0.0790791       0.704024
0.0800801       0.702004
0.0810811       0.701219
0.0820821       0.702161
0.0830831       0.704581
0.0840841       0.71223
0.0850851       0.73112
0.0860861       0.767458
0.0870871       0.810086
0.0880881       0.823793
0.0890891       0.794747
0.0900901       0.751143
0.0910911       0.721899
0.0920921       0.708309
0.0930931       0.703337
0.0940941       0.701761
0.0950951       0.701673
0.0960961       0.70326
0.0970971       0.707802
0.0980981       0.720189
0.0990991       0.746867
0.1001          0.787521
0.101101        0.817579
0.102102        0.808588
0.103103        0.769713
0.104104        0.733541
0.105105        0.713644
0.106106        0.705345
0.107107        0.702462
0.108108        0.70179
0.109109        0.702811
0.11011         0.706238
0.111111        0.715779
0.112112        0.737164
0.113113        0.773304
0.114114        0.807555
0.115115        0.810457
0.116116        0.779027
0.117117        0.741554
0.118118        0.717997
0.119119        0.707139
0.12012         0.703245
0.121121        0.702057
0.122122        0.70288
0.123123        0.70611
0.124124        0.714839
0.125125        0.734627
0.126126        0.767883
0.127127        0.801209
0.128128        0.806727
0.129129        0.779338
0.13013         0.743426
0.131131        0.719455
0.132132        0.708064
0.133133        0.703567
0.134134        0.70253
0.135135        0.703255
0.136136        0.707149
0.137137        0.716688
0.138138        0.737439
0.139139        0.770018
0.14014         0.799063
0.141141        0.80026
0.142142        0.77221
0.143143        0.739324
0.144144        0.717655
0.145145        0.707629
0.146146        0.703636
0.147147        0.702878
0.148148        0.70447
0.149149        0.709525
0.15015         0.722046
0.151151        0.745692
0.152152        0.777746
0.153153        0.798295
0.154154        0.789479
0.155155        0.759324
0.156156        0.730708
0.157157        0.713895
0.158158        0.706131
0.159159        0.703661
0.16016         0.703643
0.161161        0.70689
0.162162        0.714952
0.163163        0.732284
0.164164        0.759941
0.165165        0.786956
0.166166        0.792955
0.167167        0.772113
0.168168        0.742647
0.169169        0.720702
0.17017         0.709547
0.171171        0.704825
0.172172        0.703956
0.173173        0.705962
0.174174        0.712143
0.175175        0.726008
0.176176        0.749497
0.177177        0.776734
0.178178        0.78933
0.179179        0.77668
0.18018         0.749519
0.181181        0.726002
0.182182        0.712359
0.183183        0.706218
0.184184        0.704624
0.185185        0.706023
0.186186        0.711732
0.187187        0.724023
0.188188        0.745461
0.189189        0.770721
0.19019         0.784466
0.191191        0.775167
0.192192        0.750795
0.193193        0.727915
0.194194        0.713773
0.195195        0.707267
0.196196        0.705339
0.197197        0.706985
0.198198        0.712871
0.199199        0.725466
0.2002          0.746097
0.201201        0.768963
0.202202        0.779846
0.203203        0.769801
0.204204        0.747169
0.205205        0.726354
0.206206        0.713552
0.207207        0.707679
0.208208        0.706324
0.209209        0.708758
0.21021         0.715958
0.211211        0.729967
0.212212        0.750494
0.213213        0.769577
0.214214        0.774495
0.215215        0.761158
0.216216        0.739959
0.217217        0.722337
0.218218        0.712164
0.219219        0.707886
0.22022         0.707894
0.221221        0.712073
0.222222        0.721596
0.223223        0.737757
0.224224        0.756947
0.225225        0.769529
0.226226        0.766079
0.227227        0.74959
0.228228        0.730835
0.229229        0.71753
0.23023         0.710687
0.231231        0.708712
0.232232        0.711078
0.233233        0.717957
0.234234        0.730783
0.235235        0.747674
0.236236        0.762095
0.237237        0.764551
0.238238        0.753446
0.239239        0.736477
0.24024         0.72215
0.241241        0.713765
0.242242        0.710433
0.243243        0.711716
0.244244        0.717166
0.245245        0.727886
0.246246        0.742385
0.247247        0.755786
0.248248        0.760202
0.249249        0.752634
0.25025         0.738446
0.251251        0.724932
0.252252        0.716392
0.253253        0.712619
0.254254        0.713476
0.255255        0.718361
0.256256        0.727743
0.257257        0.740082
0.258258        0.751079
0.259259        0.754814
0.26026         0.748828
0.261261        0.737325
0.262262        0.725869
0.263263        0.718462
0.264264        0.715241
0.265265        0.71634
0.266266        0.721137
0.267267        0.729366
0.268268        0.739252
0.269269        0.74686
0.27027         0.748573
0.271271        0.743207
0.272272        0.734389
0.273273        0.725853
0.274274        0.720507
0.275275        0.718648
0.276276        0.720289
0.277277        0.724855
0.278278        0.73132
0.279279        0.737915
0.28028         0.741762
0.281281        0.741471
0.282282        0.737039
0.283283        0.731211
0.284284        0.725958
0.285285        0.72303
0.286286        0.722572
0.287287        0.724341
0.288288        0.727825
0.289289        0.731639
0.29029         0.734853
0.291291        0.735867
0.292292        0.734813
0.293293        0.731995
0.294294        0.728915
0.295295        0.726475
0.296296        0.725304
0.297297        0.725526
0.298298        0.726689
0.299299        0.728505
0.3003          0.730015
0.301301        0.731044
0.302302        0.730922
0.303303        0.730142
0.304304        0.728768
0.305305        0.727504
0.306306        0.726628
0.307307        0.726218
0.308308        0.726471
0.309309        0.726837
0.31031         0.727513
0.311311        0.727808
0.312312        0.727991
0.313313        0.72773
0.314314        0.727293
0.315315        0.726781
0.316316        0.726259
0.317317        0.726003
0.318318        0.725775
0.319319        0.72585
0.32032         0.725833
0.321321        0.725962
0.322322        0.725893
0.323323        0.725838
0.324324        0.725634
0.325325        0.725398
0.326326        0.72519
0.327327        0.724913
0.328328        0.724823
0.329329        0.724598
0.33033         0.724599
0.331331        0.724422
0.332332        0.724399
0.333333        0.724251
0.334334        0.724119
0.335335        0.724007
0.336336        0.72378
0.337337        0.723712
0.338338        0.723459
0.339339        0.723414
0.34034         0.723201
0.341341        0.723127
0.342342        0.722979
0.343343        0.722846
0.344344        0.722748
0.345345        0.722563
0.346346        0.722487
0.347347        0.722286
0.348348        0.722204
0.349349        0.722017
0.35035         0.721925
0.351351        0.721751
0.352352        0.72165
0.353353        0.721496
0.354354        0.721371
0.355355        0.721249
0.356356        0.721082
0.357357        0.721009
0.358358        0.72079
0.359359        0.720758
0.36036         0.720524
0.361361        0.720473
0.362362        0.720294
0.363363        0.720161
0.364364        0.720078
0.365365        0.719853
0.366366        0.719839
0.367367        0.719584
0.368368        0.719555
0.369369        0.71936
0.37037         0.719245
0.371371        0.719143
0.372372        0.718951
0.373373        0.718897
0.374374        0.718694
0.375375        0.718615
0.376376        0.71846
0.377377        0.718326
0.378378        0.718213
0.379379        0.718066
0.38038         0.717938
0.381381        0.71783
0.382382        0.717659
0.383383        0.717584
0.384384        0.717408
0.385385        0.717302
0.386386        0.717191
0.387387        0.716996
0.388388        0.716974
0.389389        0.716716
0.39039         0.716713
0.391391        0.716492
0.392392        0.716403
0.393393        0.716305
0.394394        0.716083
0.395395        0.716102
0.396396        0.715809
0.397397        0.715838
0.398398        0.715599
0.399399        0.715521
0.4004          0.715417
0.401401        0.715204
0.402402        0.71521
0.403403        0.714936
0.404404        0.714946
0.405405        0.714726
0.406406        0.714644
0.407407        0.714533
0.408408        0.71435
0.409409        0.714316
0.41041         0.714095
0.411411        0.714056
0.412412        0.713876
0.413413        0.713772
0.414414        0.713664
0.415415        0.713501
0.416416        0.713433
0.417417        0.713257
0.418418        0.713178
0.419419        0.713036
0.42042         0.712913
0.421421        0.712817
0.422422        0.712656
0.423423        0.712582
0.424424        0.712416
0.425425        0.712331
0.426426        0.712193
0.427427        0.712072
0.428428        0.711978
0.429429        0.711815
0.43043         0.711758
0.431431        0.71157
0.432432        0.711523
0.433433        0.711347
0.434434        0.711265
0.435435        0.711145
0.436436        0.710992
0.437437        0.710952
0.438438        0.710727
0.439439        0.710739
0.44044         0.710498
0.441441        0.710487
0.442442        0.710313
0.443443        0.710201
0.444444        0.710152
0.445445        0.70991
0.446446        0.709972
0.447447        0.709664
0.448448        0.709734
0.449449        0.709484
0.45045         0.709439
0.451451        0.709349
0.452452        0.709128
0.453453        0.709205
0.454454        0.708862
0.455455        0.708994
0.456456        0.708676
0.457457        0.708707
0.458458        0.708552
0.459459        0.708387
0.46046         0.70843
0.461461        0.708101
0.462462        0.708251
0.463463        0.707899
0.464464        0.70799
0.465465        0.707771
0.466466        0.70768
0.467467        0.707661
0.468468        0.707388
0.469469        0.707506
0.47047         0.707166
0.471471        0.707277
0.472472        0.70702
0.473473        0.706994
0.474474        0.706905
0.475475        0.706713
0.476476        0.706766
0.477477        0.706481
0.478478        0.706569
0.479479        0.706312
0.48048         0.70632
0.481481        0.706181
0.482482        0.706061
0.483483        0.706043
0.484484        0.705835
0.485485        0.705867
0.486486        0.705653
0.487487        0.705656
0.488488        0.705501
0.489489        0.70543
0.49049         0.705353
0.491491        0.705218
0.492492        0.705186
0.493493        0.705034
0.494494        0.705001
0.495495        0.70487
0.496496        0.704809
0.497497        0.704709
0.498498        0.704625
0.499499        0.704541
0.500501        0.704454
0.501502        0.704367
0.502503        0.704286
0.503504        0.704202
0.504505        0.704114
0.505506        0.70405
0.506507        0.70394
0.507508        0.703901
0.508509        0.703772
0.50951         0.703744
0.510511        0.703621
0.511512        0.703573
0.512513        0.70349
0.513514        0.703393
0.514515        0.70337
0.515516        0.70322
0.516517        0.703239
0.517518        0.703073
0.518519        0.703082
0.51952         0.702959
0.520521        0.7029
0.521522        0.702865
0.522523        0.702722
0.523524        0.702762
0.524525        0.702573
0.525526        0.702629
0.526527        0.702463
0.527528        0.702465
0.528529        0.702384
0.52953         0.702287
0.530531        0.702312
0.531532        0.702126
0.532533        0.702216
0.533534        0.702009
0.534535        0.702078
0.535536        0.70194
0.536537        0.701908
0.537538        0.701894
0.538539        0.701743
0.53954         0.701831
0.540541        0.701615
0.541542        0.701728
0.542543        0.701539
0.543544        0.701586
0.544545        0.701502
0.545546        0.701428
0.546547        0.701473
0.547548        0.701286
0.548549        0.701416
0.54955         0.701191
0.550551        0.70131
0.551552        0.701152
0.552553        0.701167
0.553554        0.701146
0.554555        0.701022
0.555556        0.701128
0.556557        0.700912
0.557558        0.701063
0.558559        0.700858
0.55956         0.700956
0.560561        0.700849
0.561562        0.700825
0.562563        0.700856
0.563564        0.700702
0.564565        0.700842
0.565566        0.70062
0.566567        0.700783
0.567568        0.700595
0.568569        0.700676
0.56957         0.700616
0.570571        0.700551
0.571572        0.700636
0.572573        0.700452
0.573574        0.70062
0.574575        0.700406
0.575576        0.700555
0.576577        0.700409
0.577578        0.700456
0.578579        0.700438
0.57958         0.700352
0.580581        0.700462
0.581582        0.700274
0.582583        0.700453
0.583584        0.700246
0.584585        0.700391
0.585586        0.700268
0.586587        0.700294
0.587588        0.700315
0.588589        0.7002
0.58959         0.700345
0.590591        0.700146
0.591592        0.700325
0.592593        0.700144
0.593594        0.700261
0.594595        0.700178
0.595596        0.70018
0.596597        0.700224
0.597598        0.700108
0.598599        0.70025
0.5996          0.700063
0.600601        0.700239
0.601602        0.700064
0.602603        0.700183
0.603604        0.700113
0.604605        0.700101
0.605606        0.70017
0.606607        0.700031
0.607608        0.700195
0.608609        0.700005
0.60961         0.700173
0.610611        0.70003
0.611612        0.700116
0.612613        0.700077
0.613614        0.700049
0.614615        0.700122
0.615616        0.699997
0.616617        0.700145
0.617618        0.699977
0.618619        0.700134
0.61962         0.699994
0.620621        0.700087
0.621622        0.700042
0.622623        0.700019
0.623624        0.700101
0.624625        0.699961
0.625626        0.700128
0.626627        0.69995
0.627628        0.700105
0.628629        0.699985
0.62963         0.70005
0.630631        0.700039
0.631632        0.699994
0.632633        0.700078
0.633634        0.699957
0.634635        0.700094
0.635636        0.69995
0.636637        0.700085
0.637638        0.699972
0.638639        0.700046
0.63964         0.700013
0.640641        0.699991
0.641642        0.700063
0.642643        0.699945
0.643644        0.700095
0.644645        0.699932
0.645646        0.700082
0.646647        0.699962
0.647648        0.700028
0.648649        0.700021
0.64965         0.699971
0.650651        0.700067
0.651652        0.699942
0.652653        0.700075
0.653654        0.699945
0.654655        0.700055
0.655656        0.699972
0.656657        0.700024
0.657658        0.700006
0.658659        0.699987
0.65966         0.70004
0.660661        0.699953
0.661662        0.700067
0.662663        0.699937
0.663664        0.700068
0.664665        0.699952
0.665666        0.700034
0.666667        0.699998
0.667668        0.699979
0.668669        0.700053
0.66967         0.699934
0.670671        0.700078
0.671672        0.699931
0.672673        0.700058
0.673674        0.699969
0.674675        0.700012
0.675676        0.700015
0.676677        0.69997
0.677678        0.700042
0.678679        0.699954
0.67968         0.700049
0.680681        0.699958
0.681682        0.700041
0.682683        0.699967
0.683684        0.700025
0.684685        0.699986
0.685686        0.700001
0.686687        0.70002
0.687688        0.699966
0.688689        0.700053
0.68969         0.699936
0.690691        0.700067
0.691692        0.699941
0.692693        0.700043
0.693694        0.699986
0.694695        0.699986
0.695696        0.700042
0.696697        0.699935
0.697698        0.700074
0.698699        0.699931
0.6997          0.700056
0.700701        0.699969
0.701702        0.700006
0.702703        0.700015
0.703704        0.699969
0.704705        0.700039
0.705706        0.699962
0.706707        0.700034
0.707708        0.699974
0.708709        0.70002
0.70971         0.699983
0.710711        0.700017
0.711712        0.699983
0.712713        0.700016
0.713714        0.69999
0.714715        0.699999
0.715716        0.700019
0.716717        0.699961
0.717718        0.700057
0.718719        0.699931
0.71972         0.700067
0.720721        0.699948
0.721722        0.700026
0.722723        0.700009
0.723724        0.699955
0.724725        0.700072
0.725726        0.699912
0.726727        0.700087
0.727728        0.699932
0.728729        0.700038
0.72973         0.699999
0.730731        0.699972
0.731732        0.700085
0.732733        0.700052
0.733734        0.700639
0.734735        0.702605
0.735736        0.712013
0.736737        0.748055
0.737738        0.840171
0.738739        0.944182
0.73974         0.936804
0.740741        0.828178
0.741742        0.741998
0.742743        0.71035
0.743744        0.702294
0.744745        0.700546
0.745746        0.700158
0.746747        0.700078
0.747748        0.700056
0.748749        0.700077
0.74975         0.700057
0.750751        0.7002
0.751752        0.700584
0.752753        0.70258
0.753754        0.71126
0.754755        0.744579
0.755756        0.831403
0.756757        0.934646
0.757758        0.935579
0.758759        0.832583
0.75976         0.745294
0.760761        0.711445
0.761762        0.702648
0.762763        0.70071
0.763764        0.700151
0.764765        0.700223
0.765766        0.700018
0.766767        0.700198
0.767768        0.700098
0.768769        0.70033
0.76977         0.701072
0.770771        0.704268
0.771772        0.718202
0.772773        0.765586
0.773774        0.865163
0.774775        0.944261
0.775776        0.903475
0.776777        0.796958
0.777778        0.729804
0.778779        0.70739
0.77978         0.701735
0.780781        0.700575
0.781782        0.700159
0.782783        0.700236
0.783784        0.700104
0.784785        0.700215
0.785786        0.700252
0.786787        0.700653
0.787788        0.702447
0.788789        0.709867
0.78979         0.738426
0.790791        0.814587
0.791792        0.915038
0.792793        0.930852
0.793794        0.840934
0.794795        0.75209
0.795796        0.714104
0.796797        0.703461
0.797798        0.700912
0.798799        0.700399
0.7998          0.700177
0.800801        0.700261
0.801802        0.700158
0.802803        0.700317
0.803804        0.700549
0.804805        0.701818
0.805806        0.70719
0.806807        0.72786
0.807808        0.789306
0.808809        0.88857
0.80981         0.932989
0.810811        0.864216
0.811812        0.768966
0.812813        0.720107
0.813814        0.70507
0.814815        0.701418
0.815816        0.700406
0.816817        0.700379
0.817818        0.700163
0.818819        0.700311
0.81982         0.700286
0.820821        0.700572
0.821822        0.701816
0.822823        0.706574
0.823824        0.725612
0.824825        0.781755
0.825826        0.877332
0.826827        0.927332
0.827828        0.867851
0.828829        0.773871
0.82983         0.722388
0.830831        0.705902
0.831832        0.70149
0.832833        0.700679
0.833834        0.700232
0.834835        0.700365
0.835836        0.700245
0.836837        0.700366
0.837838        0.700748
0.838839        0.702024
0.83984         0.707942
0.840841        0.728969
0.841842        0.788957
0.842843        0.88132
0.843844        0.91983
0.844845        0.854528
0.845846        0.765962
0.846847        0.719976
0.847848        0.7052
0.848849        0.701622
0.84985         0.700445
0.850851        0.700487
0.851852        0.700218
0.852853        0.700392
0.853854        0.700456
0.854855        0.700936
0.855856        0.703211
0.856857        0.7114
0.857858        0.740619
0.858859        0.810909
0.85986         0.896154
0.860861        0.904633
0.861862        0.825672
0.862863        0.74861
0.863864        0.714177
0.864865        0.703911
0.865866        0.701095
0.866867        0.700641
0.867868        0.700261
0.868869        0.700447
0.86987         0.700336
0.870871        0.700691
0.871872        0.701705
0.872873        0.705728
0.873874        0.720911
0.874875        0.765826
0.875876        0.848902
0.876877        0.907256
0.877878        0.870561
0.878879        0.784736
0.87988         0.728733
0.880881        0.708092
0.881882        0.702292
0.882883        0.700882
0.883884        0.700405
0.884885        0.700455
0.885886        0.700337
0.886887        0.700621
0.887888        0.701183
0.888889        0.703788
0.88989         0.713327
0.890891        0.744229
0.891892        0.813711
0.892893        0.88921
0.893894        0.889021
0.894895        0.813167
0.895896        0.744013
0.896897        0.713215
0.897898        0.703781
0.898899        0.701236
0.8999          0.700578
0.900901        0.70045
0.901902        0.7004
0.902903        0.700581
0.903904        0.701072
0.904905        0.703196
0.905906        0.710859
0.906907        0.736176
0.907908        0.796906
0.908909        0.873929
0.90991         0.890318
0.910911        0.825449
0.911912        0.75297
0.912913        0.716792
0.913914        0.704871
0.914915        0.701566
0.915916        0.700686
0.916917        0.700481
0.917918        0.700453
0.918919        0.700599
0.91992         0.701182
0.920921        0.703379
0.921922        0.711338
0.922923        0.736793
0.923924        0.796234
0.924925        0.869579
0.925926        0.883774
0.926927        0.82112
0.927928        0.751689
0.928929        0.716703
0.92993         0.704947
0.930931        0.701641
0.931932        0.700706
0.932933        0.700535
0.933934        0.700475
0.934935        0.700731
0.935936        0.701516
0.936937        0.704541
0.937938        0.714984
0.938939        0.746138
0.93994         0.810322
0.940941        0.874231
0.941942        0.869525
0.942943        0.801855
0.943944        0.741076
0.944945        0.71308
0.945946        0.704021
0.946947        0.701381
0.947948        0.70069
0.948949        0.700549
0.94995         0.700552
0.950951        0.701038
0.951952        0.702413
0.952953        0.707741
0.953954        0.724584
0.954955        0.768345
0.955956        0.837308
0.956957        0.876747
0.957958        0.840578
0.958959        0.771292
0.95996         0.726055
0.960961        0.708103
0.961962        0.702668
0.962963        0.701002
0.963964        0.700662
0.964965        0.700561
0.965966        0.700822
0.966967        0.701795
0.967968        0.705126
0.968969        0.716338
0.96997         0.747588
0.970971        0.808188
0.971972        0.864314
0.972973        0.856628
0.973974        0.79413
0.974975        0.738857
0.975976        0.712899
0.976977        0.7041
0.977978        0.701516
0.978979        0.700729
0.97998         0.70067
0.980981        0.700748
0.981982        0.701668
0.982983        0.704402
0.983984        0.713793
0.984985        0.740231
0.985986        0.794581
0.986987        0.852967
0.987988        0.857415
0.988989        0.802754
0.98999         0.74539
0.990991        0.715891
0.991992        0.705053
0.992993        0.701881
0.993994        0.700854
0.994995        0.700678
0.995996        0.700905
0.996997        0.701729
0.997998        0.704929
0.998999        0.714687
1               0.741924
