#====================================================
#t = 3.3     rho_bar = 0.7     Viscosity = 0.17
#====================================================
#x              rho
#====================================================
0               0.743943
0.001001        0.743812
0.002002        0.743681
0.003003        0.74355
0.004004        0.74342
0.00500501      0.743289
0.00600601      0.743158
0.00700701      0.743027
0.00800801      0.742897
0.00900901      0.742766
0.01001         0.742635
0.011011        0.742505
0.012012        0.742374
0.013013        0.742244
0.014014        0.742113
0.015015        0.741983
0.016016        0.741852
0.017017        0.741722
0.018018        0.741592
0.019019        0.741461
0.02002         0.741331
0.021021        0.741201
0.022022        0.741071
0.023023        0.740941
0.024024        0.740811
0.025025        0.74068
0.026026        0.74055
0.027027        0.74042
0.028028        0.74029
0.029029        0.74016
0.03003         0.740031
0.031031        0.739901
0.032032        0.739771
0.033033        0.739641
0.034034        0.739511
0.035035        0.739382
0.036036        0.739252
0.037037        0.739122
0.038038        0.738993
0.039039        0.738863
0.04004         0.738734
0.041041        0.738604
0.042042        0.738475
0.043043        0.738346
0.044044        0.738216
0.045045        0.738087
0.046046        0.737958
0.047047        0.737828
0.048048        0.737699
0.049049        0.73757
0.0500501       0.737441
0.0510511       0.737312
0.0520521       0.737183
0.0530531       0.737054
0.0540541       0.736925
0.0550551       0.736796
0.0560561       0.736668
0.0570571       0.736539
0.0580581       0.73641
0.0590591       0.736281
0.0600601       0.736153
0.0610611       0.736024
0.0620621       0.735896
0.0630631       0.735767
0.0640641       0.735639
0.0650651       0.73551
0.0660661       0.735382
0.0670671       0.735254
0.0680681       0.735125
0.0690691       0.734997
0.0700701       0.734869
0.0710711       0.734741
0.0720721       0.734613
0.0730731       0.734485
0.0740741       0.734357
0.0750751       0.734229
0.0760761       0.734101
0.0770771       0.733973
0.0780781       0.733845
0.0790791       0.733718
0.0800801       0.73359
0.0810811       0.733462
0.0820821       0.733335
0.0830831       0.733207
0.0840841       0.73308
0.0850851       0.732952
0.0860861       0.732825
0.0870871       0.732698
0.0880881       0.732571
0.0890891       0.732443
0.0900901       0.732316
0.0910911       0.732189
0.0920921       0.732062
0.0930931       0.731935
0.0940941       0.731808
0.0950951       0.731681
0.0960961       0.731555
0.0970971       0.731428
0.0980981       0.731301
0.0990991       0.731175
0.1001          0.731048
0.101101        0.730922
0.102102        0.730795
0.103103        0.730669
0.104104        0.730542
0.105105        0.730416
0.106106        0.73029
0.107107        0.730164
0.108108        0.730038
0.109109        0.729912
0.11011         0.729786
0.111111        0.72966
0.112112        0.729534
0.113113        0.729408
0.114114        0.729283
0.115115        0.729157
0.116116        0.729032
0.117117        0.728906
0.118118        0.728781
0.119119        0.728655
0.12012         0.72853
0.121121        0.728405
0.122122        0.72828
0.123123        0.728155
0.124124        0.72803
0.125125        0.727905
0.126126        0.72778
0.127127        0.727655
0.128128        0.72753
0.129129        0.727406
0.13013         0.727281
0.131131        0.727156
0.132132        0.727032
0.133133        0.726908
0.134134        0.726783
0.135135        0.726659
0.136136        0.726535
0.137137        0.726411
0.138138        0.726287
0.139139        0.726163
0.14014         0.726039
0.141141        0.725916
0.142142        0.725792
0.143143        0.725668
0.144144        0.725545
0.145145        0.725421
0.146146        0.725298
0.147147        0.725175
0.148148        0.725052
0.149149        0.724929
0.15015         0.724806
0.151151        0.724683
0.152152        0.72456
0.153153        0.724437
0.154154        0.724314
0.155155        0.724192
0.156156        0.724069
0.157157        0.723947
0.158158        0.723825
0.159159        0.723702
0.16016         0.72358
0.161161        0.723458
0.162162        0.723336
0.163163        0.723215
0.164164        0.723093
0.165165        0.722971
0.166166        0.72285
0.167167        0.722728
0.168168        0.722607
0.169169        0.722486
0.17017         0.722364
0.171171        0.722243
0.172172        0.722122
0.173173        0.722002
0.174174        0.721881
0.175175        0.72176
0.176176        0.72164
0.177177        0.721519
0.178178        0.721399
0.179179        0.721279
0.18018         0.721159
0.181181        0.721039
0.182182        0.720919
0.183183        0.720799
0.184184        0.720679
0.185185        0.72056
0.186186        0.72044
0.187187        0.720321
0.188188        0.720202
0.189189        0.720082
0.19019         0.719963
0.191191        0.719845
0.192192        0.719726
0.193193        0.719607
0.194194        0.719489
0.195195        0.71937
0.196196        0.719252
0.197197        0.719134
0.198198        0.719016
0.199199        0.718898
0.2002          0.71878
0.201201        0.718663
0.202202        0.718545
0.203203        0.718428
0.204204        0.718311
0.205205        0.718193
0.206206        0.718076
0.207207        0.71796
0.208208        0.717843
0.209209        0.717726
0.21021         0.71761
0.211211        0.717494
0.212212        0.717378
0.213213        0.717262
0.214214        0.717146
0.215215        0.71703
0.216216        0.716915
0.217217        0.716799
0.218218        0.716684
0.219219        0.716569
0.22022         0.716454
0.221221        0.716339
0.222222        0.716225
0.223223        0.71611
0.224224        0.715996
0.225225        0.715882
0.226226        0.715768
0.227227        0.715654
0.228228        0.71554
0.229229        0.715427
0.23023         0.715313
0.231231        0.7152
0.232232        0.715087
0.233233        0.714975
0.234234        0.714862
0.235235        0.71475
0.236236        0.714637
0.237237        0.714525
0.238238        0.714413
0.239239        0.714302
0.24024         0.71419
0.241241        0.714079
0.242242        0.713968
0.243243        0.713857
0.244244        0.713746
0.245245        0.713635
0.246246        0.713525
0.247247        0.713415
0.248248        0.713305
0.249249        0.713195
0.25025         0.713086
0.251251        0.712976
0.252252        0.712867
0.253253        0.712758
0.254254        0.71265
0.255255        0.712541
0.256256        0.712433
0.257257        0.712325
0.258258        0.712217
0.259259        0.71211
0.26026         0.712002
0.261261        0.711895
0.262262        0.711789
0.263263        0.711682
0.264264        0.711576
0.265265        0.711469
0.266266        0.711364
0.267267        0.711258
0.268268        0.711153
0.269269        0.711047
0.27027         0.710943
0.271271        0.710838
0.272272        0.710734
0.273273        0.710629
0.274274        0.710526
0.275275        0.710422
0.276276        0.710319
0.277277        0.710216
0.278278        0.710113
0.279279        0.710011
0.28028         0.709909
0.281281        0.709807
0.282282        0.709705
0.283283        0.709604
0.284284        0.709503
0.285285        0.709402
0.286286        0.709302
0.287287        0.709202
0.288288        0.709102
0.289289        0.709003
0.29029         0.708904
0.291291        0.708805
0.292292        0.708707
0.293293        0.708609
0.294294        0.708511
0.295295        0.708414
0.296296        0.708317
0.297297        0.70822
0.298298        0.708124
0.299299        0.708028
0.3003          0.707932
0.301301        0.707837
0.302302        0.707742
0.303303        0.707647
0.304304        0.707553
0.305305        0.70746
0.306306        0.707366
0.307307        0.707273
0.308308        0.707181
0.309309        0.707089
0.31031         0.706997
0.311311        0.706905
0.312312        0.706815
0.313313        0.706724
0.314314        0.706634
0.315315        0.706544
0.316316        0.706455
0.317317        0.706366
0.318318        0.706278
0.319319        0.70619
0.32032         0.706103
0.321321        0.706016
0.322322        0.705929
0.323323        0.705843
0.324324        0.705758
0.325325        0.705673
0.326326        0.705588
0.327327        0.705504
0.328328        0.705421
0.329329        0.705338
0.33033         0.705255
0.331331        0.705173
0.332332        0.705092
0.333333        0.705011
0.334334        0.70493
0.335335        0.70485
0.336336        0.704771
0.337337        0.704692
0.338338        0.704614
0.339339        0.704536
0.34034         0.704459
0.341341        0.704383
0.342342        0.704307
0.343343        0.704231
0.344344        0.704157
0.345345        0.704083
0.346346        0.704009
0.347347        0.703936
0.348348        0.703864
0.349349        0.703792
0.35035         0.703721
0.351351        0.703651
0.352352        0.703581
0.353353        0.703512
0.354354        0.703443
0.355355        0.703375
0.356356        0.703308
0.357357        0.703242
0.358358        0.703176
0.359359        0.703111
0.36036         0.703046
0.361361        0.702983
0.362362        0.70292
0.363363        0.702857
0.364364        0.702796
0.365365        0.702735
0.366366        0.702674
0.367367        0.702615
0.368368        0.702556
0.369369        0.702498
0.37037         0.702441
0.371371        0.702384
0.372372        0.702328
0.373373        0.702273
0.374374        0.702219
0.375375        0.702165
0.376376        0.702113
0.377377        0.70206
0.378378        0.702009
0.379379        0.701959
0.38038         0.701909
0.381381        0.70186
0.382382        0.701812
0.383383        0.701764
0.384384        0.701717
0.385385        0.701671
0.386386        0.701626
0.387387        0.701582
0.388388        0.701538
0.389389        0.701496
0.39039         0.701453
0.391391        0.701412
0.392392        0.701372
0.393393        0.701332
0.394394        0.701293
0.395395        0.701255
0.396396        0.701217
0.397397        0.701181
0.398398        0.701145
0.399399        0.701109
0.4004          0.701075
0.401401        0.701041
0.402402        0.701008
0.403403        0.700976
0.404404        0.700945
0.405405        0.700914
0.406406        0.700884
0.407407        0.700855
0.408408        0.700826
0.409409        0.700798
0.41041         0.700771
0.411411        0.700745
0.412412        0.700719
0.413413        0.700694
0.414414        0.700669
0.415415        0.700645
0.416416        0.700622
0.417417        0.7006
0.418418        0.700578
0.419419        0.700556
0.42042         0.700536
0.421421        0.700516
0.422422        0.700496
0.423423        0.700477
0.424424        0.700459
0.425425        0.700441
0.426426        0.700424
0.427427        0.700407
0.428428        0.700391
0.429429        0.700375
0.43043         0.70036
0.431431        0.700346
0.432432        0.700332
0.433433        0.700318
0.434434        0.700305
0.435435        0.700292
0.436436        0.70028
0.437437        0.700268
0.438438        0.700257
0.439439        0.700246
0.44044         0.700235
0.441441        0.700225
0.442442        0.700215
0.443443        0.700205
0.444444        0.700196
0.445445        0.700188
0.446446        0.700179
0.447447        0.700171
0.448448        0.700163
0.449449        0.700156
0.45045         0.700149
0.451451        0.700142
0.452452        0.700135
0.453453        0.700129
0.454454        0.700123
0.455455        0.700117
0.456456        0.700111
0.457457        0.700106
0.458458        0.700101
0.459459        0.700096
0.46046         0.700091
0.461461        0.700087
0.462462        0.700083
0.463463        0.700079
0.464464        0.700075
0.465465        0.700071
0.466466        0.700067
0.467467        0.700064
0.468468        0.700061
0.469469        0.700058
0.47047         0.700055
0.471471        0.700052
0.472472        0.700049
0.473473        0.700047
0.474474        0.700044
0.475475        0.700042
0.476476        0.70004
0.477477        0.700038
0.478478        0.700036
0.479479        0.700034
0.48048         0.700032
0.481481        0.70003
0.482482        0.700029
0.483483        0.700027
0.484484        0.700026
0.485485        0.700024
0.486486        0.700023
0.487487        0.700022
0.488488        0.700021
0.489489        0.700019
0.49049         0.700018
0.491491        0.700017
0.492492        0.700016
0.493493        0.700015
0.494494        0.700015
0.495495        0.700014
0.496496        0.700013
0.497497        0.700012
0.498498        0.700012
0.499499        0.700011
0.500501        0.70001
0.501502        0.70001
0.502503        0.700009
0.503504        0.700009
0.504505        0.700008
0.505506        0.700008
0.506507        0.700007
0.507508        0.700007
0.508509        0.700006
0.50951         0.700006
0.510511        0.700006
0.511512        0.700005
0.512513        0.700005
0.513514        0.700005
0.514515        0.700004
0.515516        0.700004
0.516517        0.700004
0.517518        0.700004
0.518519        0.700003
0.51952         0.700003
0.520521        0.700003
0.521522        0.700003
0.522523        0.700003
0.523524        0.700002
0.524525        0.700002
0.525526        0.700002
0.526527        0.700002
0.527528        0.700002
0.528529        0.700002
0.52953         0.700002
0.530531        0.700002
0.531532        0.700001
0.532533        0.700001
0.533534        0.700001
0.534535        0.700001
0.535536        0.700001
0.536537        0.700001
0.537538        0.700001
0.538539        0.700001
0.53954         0.700001
0.540541        0.700001
0.541542        0.700001
0.542543        0.700001
0.543544        0.700001
0.544545        0.700001
0.545546        0.700001
0.546547        0.700001
0.547548        0.700001
0.548549        0.7
0.54955         0.7
0.550551        0.7
0.551552        0.7
0.552553        0.7
0.553554        0.7
0.554555        0.7
0.555556        0.7
0.556557        0.7
0.557558        0.7
0.558559        0.7
0.55956         0.7
0.560561        0.7
0.561562        0.7
0.562563        0.7
0.563564        0.7
0.564565        0.7
0.565566        0.7
0.566567        0.7
0.567568        0.7
0.568569        0.7
0.56957         0.7
0.570571        0.7
0.571572        0.7
0.572573        0.7
0.573574        0.7
0.574575        0.7
0.575576        0.7
0.576577        0.7
0.577578        0.7
0.578579        0.7
0.57958         0.7
0.580581        0.7
0.581582        0.7
0.582583        0.7
0.583584        0.7
0.584585        0.7
0.585586        0.7
0.586587        0.7
0.587588        0.7
0.588589        0.7
0.58959         0.7
0.590591        0.7
0.591592        0.7
0.592593        0.7
0.593594        0.7
0.594595        0.7
0.595596        0.7
0.596597        0.7
0.597598        0.7
0.598599        0.7
0.5996          0.7
0.600601        0.7
0.601602        0.7
0.602603        0.7
0.603604        0.7
0.604605        0.7
0.605606        0.7
0.606607        0.7
0.607608        0.7
0.608609        0.7
0.60961         0.7
0.610611        0.7
0.611612        0.7
0.612613        0.7
0.613614        0.7
0.614615        0.7
0.615616        0.7
0.616617        0.7
0.617618        0.7
0.618619        0.7
0.61962         0.7
0.620621        0.7
0.621622        0.7
0.622623        0.7
0.623624        0.7
0.624625        0.7
0.625626        0.7
0.626627        0.7
0.627628        0.7
0.628629        0.7
0.62963         0.7
0.630631        0.7
0.631632        0.7
0.632633        0.7
0.633634        0.7
0.634635        0.7
0.635636        0.7
0.636637        0.7
0.637638        0.7
0.638639        0.7
0.63964         0.7
0.640641        0.7
0.641642        0.7
0.642643        0.7
0.643644        0.7
0.644645        0.7
0.645646        0.7
0.646647        0.7
0.647648        0.7
0.648649        0.7
0.64965         0.7
0.650651        0.7
0.651652        0.7
0.652653        0.7
0.653654        0.7
0.654655        0.7
0.655656        0.7
0.656657        0.7
0.657658        0.7
0.658659        0.7
0.65966         0.7
0.660661        0.7
0.661662        0.7
0.662663        0.7
0.663664        0.7
0.664665        0.7
0.665666        0.7
0.666667        0.7
0.667668        0.7
0.668669        0.7
0.66967         0.7
0.670671        0.7
0.671672        0.7
0.672673        0.7
0.673674        0.7
0.674675        0.7
0.675676        0.7
0.676677        0.7
0.677678        0.7
0.678679        0.7
0.67968         0.7
0.680681        0.7
0.681682        0.7
0.682683        0.7
0.683684        0.7
0.684685        0.7
0.685686        0.7
0.686687        0.7
0.687688        0.7
0.688689        0.7
0.68969         0.7
0.690691        0.700001
0.691692        0.700001
0.692693        0.700003
0.693694        0.700006
0.694695        0.700011
0.695696        0.700023
0.696697        0.700046
0.697698        0.700094
0.698699        0.700189
0.6997          0.700381
0.700701        0.700767
0.701702        0.701537
0.702703        0.703057
0.703704        0.705989
0.704705        0.711417
0.705706        0.720747
0.706707        0.734902
0.707708        0.752655
0.708709        0.769763
0.70971         0.781349
0.710711        0.785822
0.711712        0.785472
0.712713        0.783605
0.713714        0.782179
0.714715        0.781605
0.715716        0.781557
0.716717        0.781644
0.717718        0.78166
0.718719        0.781571
0.71972         0.781422
0.720721        0.781259
0.721722        0.781106
0.722723        0.780966
0.723724        0.780833
0.724725        0.780701
0.725726        0.780568
0.726727        0.780433
0.727728        0.780298
0.728729        0.780162
0.72973         0.780027
0.730731        0.779891
0.731732        0.779756
0.732733        0.779621
0.733734        0.779486
0.734735        0.779351
0.735736        0.779216
0.736737        0.77908
0.737738        0.778945
0.738739        0.77881
0.73974         0.778675
0.740741        0.77854
0.741742        0.778405
0.742743        0.77827
0.743744        0.778134
0.744745        0.777999
0.745746        0.777864
0.746747        0.777729
0.747748        0.777594
0.748749        0.777459
0.74975         0.777324
0.750751        0.777189
0.751752        0.777054
0.752753        0.776919
0.753754        0.776783
0.754755        0.776648
0.755756        0.776513
0.756757        0.776378
0.757758        0.776243
0.758759        0.776108
0.75976         0.775973
0.760761        0.775838
0.761762        0.775703
0.762763        0.775568
0.763764        0.775433
0.764765        0.775298
0.765766        0.775163
0.766767        0.775028
0.767768        0.774893
0.768769        0.774758
0.76977         0.774623
0.770771        0.774488
0.771772        0.774353
0.772773        0.774218
0.773774        0.774083
0.774775        0.773949
0.775776        0.773814
0.776777        0.773679
0.777778        0.773544
0.778779        0.773409
0.77978         0.773274
0.780781        0.773139
0.781782        0.773004
0.782783        0.772869
0.783784        0.772735
0.784785        0.7726
0.785786        0.772465
0.786787        0.77233
0.787788        0.772195
0.788789        0.77206
0.78979         0.771926
0.790791        0.771791
0.791792        0.771656
0.792793        0.771521
0.793794        0.771387
0.794795        0.771252
0.795796        0.771117
0.796797        0.770982
0.797798        0.770848
0.798799        0.770713
0.7998          0.770578
0.800801        0.770443
0.801802        0.770309
0.802803        0.770174
0.803804        0.770039
0.804805        0.769905
0.805806        0.76977
0.806807        0.769635
0.807808        0.769501
0.808809        0.769366
0.80981         0.769232
0.810811        0.769097
0.811812        0.768962
0.812813        0.768828
0.813814        0.768693
0.814815        0.768559
0.815816        0.768424
0.816817        0.76829
0.817818        0.768155
0.818819        0.768021
0.81982         0.767886
0.820821        0.767752
0.821822        0.767617
0.822823        0.767483
0.823824        0.767348
0.824825        0.767214
0.825826        0.767079
0.826827        0.766945
0.827828        0.76681
0.828829        0.766676
0.82983         0.766542
0.830831        0.766407
0.831832        0.766273
0.832833        0.766138
0.833834        0.766004
0.834835        0.76587
0.835836        0.765735
0.836837        0.765601
0.837838        0.765467
0.838839        0.765333
0.83984         0.765198
0.840841        0.765064
0.841842        0.76493
0.842843        0.764796
0.843844        0.764661
0.844845        0.764527
0.845846        0.764393
0.846847        0.764259
0.847848        0.764125
0.848849        0.76399
0.84985         0.763856
0.850851        0.763722
0.851852        0.763588
0.852853        0.763454
0.853854        0.76332
0.854855        0.763186
0.855856        0.763052
0.856857        0.762918
0.857858        0.762784
0.858859        0.76265
0.85986         0.762516
0.860861        0.762382
0.861862        0.762248
0.862863        0.762114
0.863864        0.76198
0.864865        0.761846
0.865866        0.761712
0.866867        0.761578
0.867868        0.761444
0.868869        0.76131
0.86987         0.761176
0.870871        0.761042
0.871872        0.760909
0.872873        0.760775
0.873874        0.760641
0.874875        0.760507
0.875876        0.760373
0.876877        0.76024
0.877878        0.760106
0.878879        0.759972
0.87988         0.759839
0.880881        0.759705
0.881882        0.759571
0.882883        0.759438
0.883884        0.759304
0.884885        0.75917
0.885886        0.759037
0.886887        0.758903
0.887888        0.75877
0.888889        0.758636
0.88989         0.758502
0.890891        0.758369
0.891892        0.758235
0.892893        0.758102
0.893894        0.757968
0.894895        0.757835
0.895896        0.757702
0.896897        0.757568
0.897898        0.757435
0.898899        0.757301
0.8999          0.757168
0.900901        0.757035
0.901902        0.756901
0.902903        0.756768
0.903904        0.756635
0.904905        0.756501
0.905906        0.756368
0.906907        0.756235
0.907908        0.756102
0.908909        0.755969
0.90991         0.755835
0.910911        0.755702
0.911912        0.755569
0.912913        0.755436
0.913914        0.755303
0.914915        0.75517
0.915916        0.755037
0.916917        0.754904
0.917918        0.754771
0.918919        0.754638
0.91992         0.754505
0.920921        0.754372
0.921922        0.754239
0.922923        0.754106
0.923924        0.753973
0.924925        0.75384
0.925926        0.753707
0.926927        0.753574
0.927928        0.753442
0.928929        0.753309
0.92993         0.753176
0.930931        0.753043
0.931932        0.752911
0.932933        0.752778
0.933934        0.752645
0.934935        0.752512
0.935936        0.75238
0.936937        0.752247
0.937938        0.752115
0.938939        0.751982
0.93994         0.751849
0.940941        0.751717
0.941942        0.751584
0.942943        0.751452
0.943944        0.75132
0.944945        0.751187
0.945946        0.751055
0.946947        0.750922
0.947948        0.75079
0.948949        0.750658
0.94995         0.750525
0.950951        0.750393
0.951952        0.750261
0.952953        0.750128
0.953954        0.749996
0.954955        0.749864
0.955956        0.749732
0.956957        0.7496
0.957958        0.749468
0.958959        0.749335
0.95996         0.749203
0.960961        0.749071
0.961962        0.748939
0.962963        0.748807
0.963964        0.748675
0.964965        0.748543
0.965966        0.748411
0.966967        0.74828
0.967968        0.748148
0.968969        0.748016
0.96997         0.747884
0.970971        0.747752
0.971972        0.747621
0.972973        0.747489
0.973974        0.747357
0.974975        0.747225
0.975976        0.747094
0.976977        0.746962
0.977978        0.746831
0.978979        0.746699
0.97998         0.746567
0.980981        0.746436
0.981982        0.746304
0.982983        0.746173
0.983984        0.746042
0.984985        0.74591
0.985986        0.745779
0.986987        0.745647
0.987988        0.745516
0.988989        0.745385
0.98999         0.745254
0.990991        0.745122
0.991992        0.744991
0.992993        0.74486
0.993994        0.744729
0.994995        0.744598
0.995996        0.744467
0.996997        0.744336
0.997998        0.744205
0.998999        0.744074
1               0.743943
