#====================================================
#t = 4.1     rho_bar = 0.7     Viscosity = 0.17
#====================================================
#x              rho
#====================================================
0               0.705519
0.001001        0.705445
0.002002        0.705372
0.003003        0.705299
0.004004        0.705227
0.00500501      0.705155
0.00600601      0.705083
0.00700701      0.705012
0.00800801      0.704941
0.00900901      0.70487
0.01001         0.7048
0.011011        0.70473
0.012012        0.704661
0.013013        0.704592
0.014014        0.704523
0.015015        0.704455
0.016016        0.704387
0.017017        0.70432
0.018018        0.704253
0.019019        0.704186
0.02002         0.70412
0.021021        0.704054
0.022022        0.703989
0.023023        0.703924
0.024024        0.70386
0.025025        0.703796
0.026026        0.703733
0.027027        0.70367
0.028028        0.703607
0.029029        0.703545
0.03003         0.703484
0.031031        0.703423
0.032032        0.703362
0.033033        0.703302
0.034034        0.703242
0.035035        0.703183
0.036036        0.703125
0.037037        0.703067
0.038038        0.703009
0.039039        0.702952
0.04004         0.702895
0.041041        0.702839
0.042042        0.702784
0.043043        0.702729
0.044044        0.702675
0.045045        0.702621
0.046046        0.702568
0.047047        0.702515
0.048048        0.702463
0.049049        0.702411
0.0500501       0.70236
0.0510511       0.70231
0.0520521       0.70226
0.0530531       0.70221
0.0540541       0.702162
0.0550551       0.702114
0.0560561       0.702066
0.0570571       0.702019
0.0580581       0.701973
0.0590591       0.701927
0.0600601       0.701882
0.0610611       0.701837
0.0620621       0.701793
0.0630631       0.70175
0.0640641       0.701707
0.0650651       0.701665
0.0660661       0.701624
0.0670671       0.701583
0.0680681       0.701543
0.0690691       0.701503
0.0700701       0.701464
0.0710711       0.701426
0.0720721       0.701388
0.0730731       0.701351
0.0740741       0.701315
0.0750751       0.701279
0.0760761       0.701244
0.0770771       0.701209
0.0780781       0.701175
0.0790791       0.701142
0.0800801       0.701109
0.0810811       0.701077
0.0820821       0.701045
0.0830831       0.701015
0.0840841       0.700984
0.0850851       0.700955
0.0860861       0.700926
0.0870871       0.700897
0.0880881       0.700869
0.0890891       0.700842
0.0900901       0.700816
0.0910911       0.70079
0.0920921       0.700764
0.0930931       0.700739
0.0940941       0.700715
0.0950951       0.700692
0.0960961       0.700669
0.0970971       0.700646
0.0980981       0.700624
0.0990991       0.700603
0.1001          0.700582
0.101101        0.700561
0.102102        0.700542
0.103103        0.700522
0.104104        0.700504
0.105105        0.700485
0.106106        0.700468
0.107107        0.700451
0.108108        0.700434
0.109109        0.700418
0.11011         0.700402
0.111111        0.700387
0.112112        0.700372
0.113113        0.700357
0.114114        0.700344
0.115115        0.70033
0.116116        0.700317
0.117117        0.700304
0.118118        0.700292
0.119119        0.70028
0.12012         0.700269
0.121121        0.700258
0.122122        0.700247
0.123123        0.700237
0.124124        0.700227
0.125125        0.700217
0.126126        0.700208
0.127127        0.700199
0.128128        0.700191
0.129129        0.700182
0.13013         0.700174
0.131131        0.700167
0.132132        0.700159
0.133133        0.700152
0.134134        0.700145
0.135135        0.700139
0.136136        0.700133
0.137137        0.700127
0.138138        0.700121
0.139139        0.700115
0.14014         0.70011
0.141141        0.700105
0.142142        0.7001
0.143143        0.700095
0.144144        0.700091
0.145145        0.700086
0.146146        0.700082
0.147147        0.700078
0.148148        0.700074
0.149149        0.700071
0.15015         0.700067
0.151151        0.700064
0.152152        0.700061
0.153153        0.700058
0.154154        0.700055
0.155155        0.700052
0.156156        0.700049
0.157157        0.700047
0.158158        0.700045
0.159159        0.700042
0.16016         0.70004
0.161161        0.700038
0.162162        0.700036
0.163163        0.700034
0.164164        0.700032
0.165165        0.700031
0.166166        0.700029
0.167167        0.700027
0.168168        0.700026
0.169169        0.700025
0.17017         0.700023
0.171171        0.700022
0.172172        0.700021
0.173173        0.70002
0.174174        0.700019
0.175175        0.700018
0.176176        0.700017
0.177177        0.700016
0.178178        0.700015
0.179179        0.700014
0.18018         0.700013
0.181181        0.700013
0.182182        0.700012
0.183183        0.700011
0.184184        0.700011
0.185185        0.70001
0.186186        0.700009
0.187187        0.700009
0.188188        0.700008
0.189189        0.700008
0.19019         0.700007
0.191191        0.700007
0.192192        0.700007
0.193193        0.700006
0.194194        0.700006
0.195195        0.700005
0.196196        0.700005
0.197197        0.700005
0.198198        0.700005
0.199199        0.700004
0.2002          0.700004
0.201201        0.700004
0.202202        0.700004
0.203203        0.700003
0.204204        0.700003
0.205205        0.700003
0.206206        0.700003
0.207207        0.700003
0.208208        0.700002
0.209209        0.700002
0.21021         0.700002
0.211211        0.700002
0.212212        0.700002
0.213213        0.700002
0.214214        0.700002
0.215215        0.700002
0.216216        0.700001
0.217217        0.700001
0.218218        0.700001
0.219219        0.700001
0.22022         0.700001
0.221221        0.700001
0.222222        0.700001
0.223223        0.700001
0.224224        0.700001
0.225225        0.700001
0.226226        0.700001
0.227227        0.700001
0.228228        0.700001
0.229229        0.700001
0.23023         0.700001
0.231231        0.700001
0.232232        0.700001
0.233233        0.7
0.234234        0.7
0.235235        0.7
0.236236        0.7
0.237237        0.7
0.238238        0.7
0.239239        0.7
0.24024         0.7
0.241241        0.7
0.242242        0.7
0.243243        0.7
0.244244        0.7
0.245245        0.7
0.246246        0.7
0.247247        0.7
0.248248        0.7
0.249249        0.7
0.25025         0.7
0.251251        0.7
0.252252        0.7
0.253253        0.7
0.254254        0.7
0.255255        0.7
0.256256        0.7
0.257257        0.7
0.258258        0.7
0.259259        0.7
0.26026         0.7
0.261261        0.7
0.262262        0.7
0.263263        0.7
0.264264        0.7
0.265265        0.7
0.266266        0.7
0.267267        0.7
0.268268        0.7
0.269269        0.7
0.27027         0.7
0.271271        0.7
0.272272        0.7
0.273273        0.7
0.274274        0.7
0.275275        0.7
0.276276        0.7
0.277277        0.7
0.278278        0.7
0.279279        0.7
0.28028         0.7
0.281281        0.7
0.282282        0.7
0.283283        0.7
0.284284        0.7
0.285285        0.7
0.286286        0.7
0.287287        0.7
0.288288        0.7
0.289289        0.7
0.29029         0.7
0.291291        0.7
0.292292        0.7
0.293293        0.7
0.294294        0.7
0.295295        0.7
0.296296        0.7
0.297297        0.7
0.298298        0.7
0.299299        0.7
0.3003          0.7
0.301301        0.7
0.302302        0.7
0.303303        0.7
0.304304        0.7
0.305305        0.7
0.306306        0.7
0.307307        0.7
0.308308        0.700001
0.309309        0.700001
0.31031         0.700003
0.311311        0.700005
0.312312        0.70001
0.313313        0.70002
0.314314        0.700039
0.315315        0.700075
0.316316        0.700146
0.317317        0.700281
0.318318        0.700541
0.319319        0.701038
0.32032         0.701983
0.321321        0.70375
0.322322        0.706976
0.323323        0.712599
0.324324        0.721664
0.325325        0.734569
0.326326        0.749866
0.327327        0.764025
0.328328        0.773493
0.329329        0.777327
0.33033         0.777337
0.331331        0.775996
0.332332        0.774826
0.333333        0.774244
0.334334        0.774095
0.335335        0.774114
0.336336        0.774127
0.337337        0.774078
0.338338        0.773977
0.339339        0.773854
0.34034         0.773729
0.341341        0.77361
0.342342        0.773497
0.343343        0.773387
0.344344        0.773277
0.345345        0.773167
0.346346        0.773057
0.347347        0.772945
0.348348        0.772834
0.349349        0.772723
0.35035         0.772612
0.351351        0.772501
0.352352        0.77239
0.353353        0.772279
0.354354        0.772168
0.355355        0.772057
0.356356        0.771946
0.357357        0.771835
0.358358        0.771724
0.359359        0.771613
0.36036         0.771502
0.361361        0.771391
0.362362        0.77128
0.363363        0.771169
0.364364        0.771058
0.365365        0.770947
0.366366        0.770837
0.367367        0.770726
0.368368        0.770615
0.369369        0.770504
0.37037         0.770393
0.371371        0.770282
0.372372        0.770171
0.373373        0.77006
0.374374        0.769949
0.375375        0.769838
0.376376        0.769727
0.377377        0.769617
0.378378        0.769506
0.379379        0.769395
0.38038         0.769284
0.381381        0.769173
0.382382        0.769062
0.383383        0.768951
0.384384        0.768841
0.385385        0.76873
0.386386        0.768619
0.387387        0.768508
0.388388        0.768397
0.389389        0.768287
0.39039         0.768176
0.391391        0.768065
0.392392        0.767954
0.393393        0.767843
0.394394        0.767733
0.395395        0.767622
0.396396        0.767511
0.397397        0.7674
0.398398        0.76729
0.399399        0.767179
0.4004          0.767068
0.401401        0.766957
0.402402        0.766847
0.403403        0.766736
0.404404        0.766625
0.405405        0.766515
0.406406        0.766404
0.407407        0.766293
0.408408        0.766182
0.409409        0.766072
0.41041         0.765961
0.411411        0.76585
0.412412        0.76574
0.413413        0.765629
0.414414        0.765518
0.415415        0.765408
0.416416        0.765297
0.417417        0.765187
0.418418        0.765076
0.419419        0.764965
0.42042         0.764855
0.421421        0.764744
0.422422        0.764634
0.423423        0.764523
0.424424        0.764412
0.425425        0.764302
0.426426        0.764191
0.427427        0.764081
0.428428        0.76397
0.429429        0.76386
0.43043         0.763749
0.431431        0.763639
0.432432        0.763528
0.433433        0.763418
0.434434        0.763307
0.435435        0.763197
0.436436        0.763086
0.437437        0.762976
0.438438        0.762865
0.439439        0.762755
0.44044         0.762644
0.441441        0.762534
0.442442        0.762423
0.443443        0.762313
0.444444        0.762203
0.445445        0.762092
0.446446        0.761982
0.447447        0.761871
0.448448        0.761761
0.449449        0.761651
0.45045         0.76154
0.451451        0.76143
0.452452        0.761319
0.453453        0.761209
0.454454        0.761099
0.455455        0.760988
0.456456        0.760878
0.457457        0.760768
0.458458        0.760658
0.459459        0.760547
0.46046         0.760437
0.461461        0.760327
0.462462        0.760216
0.463463        0.760106
0.464464        0.759996
0.465465        0.759886
0.466466        0.759775
0.467467        0.759665
0.468468        0.759555
0.469469        0.759445
0.47047         0.759335
0.471471        0.759224
0.472472        0.759114
0.473473        0.759004
0.474474        0.758894
0.475475        0.758784
0.476476        0.758674
0.477477        0.758563
0.478478        0.758453
0.479479        0.758343
0.48048         0.758233
0.481481        0.758123
0.482482        0.758013
0.483483        0.757903
0.484484        0.757793
0.485485        0.757683
0.486486        0.757573
0.487487        0.757463
0.488488        0.757353
0.489489        0.757243
0.49049         0.757133
0.491491        0.757023
0.492492        0.756913
0.493493        0.756803
0.494494        0.756693
0.495495        0.756583
0.496496        0.756473
0.497497        0.756363
0.498498        0.756253
0.499499        0.756143
0.500501        0.756033
0.501502        0.755923
0.502503        0.755813
0.503504        0.755704
0.504505        0.755594
0.505506        0.755484
0.506507        0.755374
0.507508        0.755264
0.508509        0.755154
0.50951         0.755045
0.510511        0.754935
0.511512        0.754825
0.512513        0.754715
0.513514        0.754606
0.514515        0.754496
0.515516        0.754386
0.516517        0.754276
0.517518        0.754167
0.518519        0.754057
0.51952         0.753947
0.520521        0.753838
0.521522        0.753728
0.522523        0.753618
0.523524        0.753509
0.524525        0.753399
0.525526        0.753289
0.526527        0.75318
0.527528        0.75307
0.528529        0.752961
0.52953         0.752851
0.530531        0.752742
0.531532        0.752632
0.532533        0.752522
0.533534        0.752413
0.534535        0.752303
0.535536        0.752194
0.536537        0.752084
0.537538        0.751975
0.538539        0.751866
0.53954         0.751756
0.540541        0.751647
0.541542        0.751537
0.542543        0.751428
0.543544        0.751318
0.544545        0.751209
0.545546        0.7511
0.546547        0.75099
0.547548        0.750881
0.548549        0.750772
0.54955         0.750662
0.550551        0.750553
0.551552        0.750444
0.552553        0.750335
0.553554        0.750225
0.554555        0.750116
0.555556        0.750007
0.556557        0.749898
0.557558        0.749788
0.558559        0.749679
0.55956         0.74957
0.560561        0.749461
0.561562        0.749352
0.562563        0.749243
0.563564        0.749134
0.564565        0.749024
0.565566        0.748915
0.566567        0.748806
0.567568        0.748697
0.568569        0.748588
0.56957         0.748479
0.570571        0.74837
0.571572        0.748261
0.572573        0.748152
0.573574        0.748043
0.574575        0.747934
0.575576        0.747825
0.576577        0.747716
0.577578        0.747607
0.578579        0.747499
0.57958         0.74739
0.580581        0.747281
0.581582        0.747172
0.582583        0.747063
0.583584        0.746954
0.584585        0.746846
0.585586        0.746737
0.586587        0.746628
0.587588        0.746519
0.588589        0.74641
0.58959         0.746302
0.590591        0.746193
0.591592        0.746084
0.592593        0.745976
0.593594        0.745867
0.594595        0.745758
0.595596        0.74565
0.596597        0.745541
0.597598        0.745433
0.598599        0.745324
0.5996          0.745216
0.600601        0.745107
0.601602        0.744998
0.602603        0.74489
0.603604        0.744781
0.604605        0.744673
0.605606        0.744565
0.606607        0.744456
0.607608        0.744348
0.608609        0.744239
0.60961         0.744131
0.610611        0.744023
0.611612        0.743914
0.612613        0.743806
0.613614        0.743698
0.614615        0.743589
0.615616        0.743481
0.616617        0.743373
0.617618        0.743265
0.618619        0.743156
0.61962         0.743048
0.620621        0.74294
0.621622        0.742832
0.622623        0.742724
0.623624        0.742616
0.624625        0.742508
0.625626        0.742399
0.626627        0.742291
0.627628        0.742183
0.628629        0.742075
0.62963         0.741967
0.630631        0.741859
0.631632        0.741751
0.632633        0.741643
0.633634        0.741536
0.634635        0.741428
0.635636        0.74132
0.636637        0.741212
0.637638        0.741104
0.638639        0.740996
0.63964         0.740888
0.640641        0.740781
0.641642        0.740673
0.642643        0.740565
0.643644        0.740458
0.644645        0.74035
0.645646        0.740242
0.646647        0.740135
0.647648        0.740027
0.648649        0.739919
0.64965         0.739812
0.650651        0.739704
0.651652        0.739597
0.652653        0.739489
0.653654        0.739382
0.654655        0.739274
0.655656        0.739167
0.656657        0.739059
0.657658        0.738952
0.658659        0.738844
0.65966         0.738737
0.660661        0.73863
0.661662        0.738522
0.662663        0.738415
0.663664        0.738308
0.664665        0.738201
0.665666        0.738093
0.666667        0.737986
0.667668        0.737879
0.668669        0.737772
0.66967         0.737665
0.670671        0.737558
0.671672        0.737451
0.672673        0.737344
0.673674        0.737237
0.674675        0.73713
0.675676        0.737023
0.676677        0.736916
0.677678        0.736809
0.678679        0.736702
0.67968         0.736595
0.680681        0.736488
0.681682        0.736381
0.682683        0.736275
0.683684        0.736168
0.684685        0.736061
0.685686        0.735954
0.686687        0.735848
0.687688        0.735741
0.688689        0.735634
0.68969         0.735528
0.690691        0.735421
0.691692        0.735315
0.692693        0.735208
0.693694        0.735102
0.694695        0.734995
0.695696        0.734889
0.696697        0.734782
0.697698        0.734676
0.698699        0.73457
0.6997          0.734463
0.700701        0.734357
0.701702        0.734251
0.702703        0.734144
0.703704        0.734038
0.704705        0.733932
0.705706        0.733826
0.706707        0.73372
0.707708        0.733614
0.708709        0.733508
0.70971         0.733401
0.710711        0.733295
0.711712        0.73319
0.712713        0.733084
0.713714        0.732978
0.714715        0.732872
0.715716        0.732766
0.716717        0.73266
0.717718        0.732554
0.718719        0.732449
0.71972         0.732343
0.720721        0.732237
0.721722        0.732131
0.722723        0.732026
0.723724        0.73192
0.724725        0.731815
0.725726        0.731709
0.726727        0.731604
0.727728        0.731498
0.728729        0.731393
0.72973         0.731287
0.730731        0.731182
0.731732        0.731077
0.732733        0.730971
0.733734        0.730866
0.734735        0.730761
0.735736        0.730656
0.736737        0.730551
0.737738        0.730445
0.738739        0.73034
0.73974         0.730235
0.740741        0.73013
0.741742        0.730025
0.742743        0.72992
0.743744        0.729815
0.744745        0.729711
0.745746        0.729606
0.746747        0.729501
0.747748        0.729396
0.748749        0.729292
0.74975         0.729187
0.750751        0.729082
0.751752        0.728978
0.752753        0.728873
0.753754        0.728769
0.754755        0.728664
0.755756        0.72856
0.756757        0.728455
0.757758        0.728351
0.758759        0.728246
0.75976         0.728142
0.760761        0.728038
0.761762        0.727934
0.762763        0.72783
0.763764        0.727725
0.764765        0.727621
0.765766        0.727517
0.766767        0.727413
0.767768        0.727309
0.768769        0.727206
0.76977         0.727102
0.770771        0.726998
0.771772        0.726894
0.772773        0.72679
0.773774        0.726687
0.774775        0.726583
0.775776        0.726479
0.776777        0.726376
0.777778        0.726272
0.778779        0.726169
0.77978         0.726065
0.780781        0.725962
0.781782        0.725859
0.782783        0.725755
0.783784        0.725652
0.784785        0.725549
0.785786        0.725446
0.786787        0.725343
0.787788        0.72524
0.788789        0.725137
0.78979         0.725034
0.790791        0.724931
0.791792        0.724828
0.792793        0.724725
0.793794        0.724623
0.794795        0.72452
0.795796        0.724417
0.796797        0.724315
0.797798        0.724212
0.798799        0.72411
0.7998          0.724007
0.800801        0.723905
0.801802        0.723802
0.802803        0.7237
0.803804        0.723598
0.804805        0.723496
0.805806        0.723394
0.806807        0.723292
0.807808        0.72319
0.808809        0.723088
0.80981         0.722986
0.810811        0.722884
0.811812        0.722782
0.812813        0.72268
0.813814        0.722579
0.814815        0.722477
0.815816        0.722376
0.816817        0.722274
0.817818        0.722173
0.818819        0.722071
0.81982         0.72197
0.820821        0.721869
0.821822        0.721768
0.822823        0.721667
0.823824        0.721566
0.824825        0.721465
0.825826        0.721364
0.826827        0.721263
0.827828        0.721162
0.828829        0.721061
0.82983         0.720961
0.830831        0.72086
0.831832        0.720759
0.832833        0.720659
0.833834        0.720559
0.834835        0.720458
0.835836        0.720358
0.836837        0.720258
0.837838        0.720158
0.838839        0.720058
0.83984         0.719958
0.840841        0.719858
0.841842        0.719758
0.842843        0.719658
0.843844        0.719558
0.844845        0.719459
0.845846        0.719359
0.846847        0.71926
0.847848        0.71916
0.848849        0.719061
0.84985         0.718962
0.850851        0.718862
0.851852        0.718763
0.852853        0.718664
0.853854        0.718565
0.854855        0.718466
0.855856        0.718368
0.856857        0.718269
0.857858        0.71817
0.858859        0.718072
0.85986         0.717973
0.860861        0.717875
0.861862        0.717777
0.862863        0.717678
0.863864        0.71758
0.864865        0.717482
0.865866        0.717384
0.866867        0.717286
0.867868        0.717189
0.868869        0.717091
0.86987         0.716993
0.870871        0.716896
0.871872        0.716798
0.872873        0.716701
0.873874        0.716604
0.874875        0.716507
0.875876        0.71641
0.876877        0.716313
0.877878        0.716216
0.878879        0.716119
0.87988         0.716022
0.880881        0.715926
0.881882        0.715829
0.882883        0.715733
0.883884        0.715637
0.884885        0.715541
0.885886        0.715445
0.886887        0.715349
0.887888        0.715253
0.888889        0.715157
0.88989         0.715061
0.890891        0.714966
0.891892        0.71487
0.892893        0.714775
0.893894        0.71468
0.894895        0.714585
0.895896        0.71449
0.896897        0.714395
0.897898        0.7143
0.898899        0.714206
0.8999          0.714111
0.900901        0.714017
0.901902        0.713922
0.902903        0.713828
0.903904        0.713734
0.904905        0.71364
0.905906        0.713546
0.906907        0.713453
0.907908        0.713359
0.908909        0.713266
0.90991         0.713173
0.910911        0.713079
0.911912        0.712986
0.912913        0.712893
0.913914        0.712801
0.914915        0.712708
0.915916        0.712616
0.916917        0.712523
0.917918        0.712431
0.918919        0.712339
0.91992         0.712247
0.920921        0.712155
0.921922        0.712064
0.922923        0.711972
0.923924        0.711881
0.924925        0.71179
0.925926        0.711699
0.926927        0.711608
0.927928        0.711517
0.928929        0.711426
0.92993         0.711336
0.930931        0.711246
0.931932        0.711155
0.932933        0.711065
0.933934        0.710976
0.934935        0.710886
0.935936        0.710797
0.936937        0.710707
0.937938        0.710618
0.938939        0.710529
0.93994         0.71044
0.940941        0.710352
0.941942        0.710263
0.942943        0.710175
0.943944        0.710087
0.944945        0.709999
0.945946        0.709912
0.946947        0.709824
0.947948        0.709737
0.948949        0.70965
0.94995         0.709563
0.950951        0.709476
0.951952        0.709389
0.952953        0.709303
0.953954        0.709217
0.954955        0.709131
0.955956        0.709045
0.956957        0.70896
0.957958        0.708875
0.958959        0.708789
0.95996         0.708705
0.960961        0.70862
0.961962        0.708535
0.962963        0.708451
0.963964        0.708367
0.964965        0.708284
0.965966        0.7082
0.966967        0.708117
0.967968        0.708034
0.968969        0.707951
0.96997         0.707868
0.970971        0.707786
0.971972        0.707704
0.972973        0.707622
0.973974        0.70754
0.974975        0.707459
0.975976        0.707378
0.976977        0.707297
0.977978        0.707217
0.978979        0.707136
0.97998         0.707056
0.980981        0.706977
0.981982        0.706897
0.982983        0.706818
0.983984        0.706739
0.984985        0.706661
0.985986        0.706582
0.986987        0.706504
0.987988        0.706427
0.988989        0.706349
0.98999         0.706272
0.990991        0.706195
0.991992        0.706119
0.992993        0.706043
0.993994        0.705967
0.994995        0.705891
0.995996        0.705816
0.996997        0.705741
0.997998        0.705667
0.998999        0.705593
1               0.705519
