#====================================================
#t = 0.8     rho_bar = 0.7     Viscosity = 0.17
#====================================================
#x              rho
#====================================================
0               0.833439
0.001001        0.833075
0.002002        0.83271
0.003003        0.832344
0.004004        0.831976
0.00500501      0.831606
0.00600601      0.831235
0.00700701      0.830863
0.00800801      0.83049
0.00900901      0.830115
0.01001         0.829739
0.011011        0.829361
0.012012        0.828983
0.013013        0.828603
0.014014        0.828222
0.015015        0.82784
0.016016        0.827457
0.017017        0.827073
0.018018        0.826688
0.019019        0.826302
0.02002         0.825915
0.021021        0.825527
0.022022        0.825138
0.023023        0.824748
0.024024        0.824357
0.025025        0.823965
0.026026        0.823573
0.027027        0.82318
0.028028        0.822785
0.029029        0.822391
0.03003         0.821995
0.031031        0.821598
0.032032        0.821201
0.033033        0.820803
0.034034        0.820405
0.035035        0.820006
0.036036        0.819606
0.037037        0.819205
0.038038        0.818804
0.039039        0.818402
0.04004         0.818
0.041041        0.817597
0.042042        0.817193
0.043043        0.816789
0.044044        0.816384
0.045045        0.815979
0.046046        0.815573
0.047047        0.815167
0.048048        0.81476
0.049049        0.814353
0.0500501       0.813945
0.0510511       0.813537
0.0520521       0.813129
0.0530531       0.81272
0.0540541       0.81231
0.0550551       0.8119
0.0560561       0.81149
0.0570571       0.811079
0.0580581       0.810668
0.0590591       0.810257
0.0600601       0.809845
0.0610611       0.809433
0.0620621       0.80902
0.0630631       0.808607
0.0640641       0.808194
0.0650651       0.807781
0.0660661       0.807367
0.0670671       0.806953
0.0680681       0.806539
0.0690691       0.806124
0.0700701       0.805709
0.0710711       0.805294
0.0720721       0.804878
0.0730731       0.804463
0.0740741       0.804047
0.0750751       0.803631
0.0760761       0.803214
0.0770771       0.802798
0.0780781       0.802381
0.0790791       0.801964
0.0800801       0.801547
0.0810811       0.801129
0.0820821       0.800712
0.0830831       0.800294
0.0840841       0.799876
0.0850851       0.799458
0.0860861       0.79904
0.0870871       0.798622
0.0880881       0.798203
0.0890891       0.797785
0.0900901       0.797366
0.0910911       0.796947
0.0920921       0.796529
0.0930931       0.79611
0.0940941       0.79569
0.0950951       0.795271
0.0960961       0.794852
0.0970971       0.794433
0.0980981       0.794013
0.0990991       0.793594
0.1001          0.793174
0.101101        0.792755
0.102102        0.792335
0.103103        0.791916
0.104104        0.791496
0.105105        0.791076
0.106106        0.790657
0.107107        0.790237
0.108108        0.789817
0.109109        0.789398
0.11011         0.788978
0.111111        0.788558
0.112112        0.788139
0.113113        0.787719
0.114114        0.7873
0.115115        0.78688
0.116116        0.786461
0.117117        0.786041
0.118118        0.785622
0.119119        0.785203
0.12012         0.784783
0.121121        0.784364
0.122122        0.783945
0.123123        0.783526
0.124124        0.783107
0.125125        0.782688
0.126126        0.78227
0.127127        0.781851
0.128128        0.781433
0.129129        0.781014
0.13013         0.780596
0.131131        0.780178
0.132132        0.77976
0.133133        0.779342
0.134134        0.778925
0.135135        0.778507
0.136136        0.77809
0.137137        0.777673
0.138138        0.777256
0.139139        0.776839
0.14014         0.776422
0.141141        0.776006
0.142142        0.775589
0.143143        0.775173
0.144144        0.774758
0.145145        0.774342
0.146146        0.773926
0.147147        0.773511
0.148148        0.773096
0.149149        0.772682
0.15015         0.772267
0.151151        0.771853
0.152152        0.771439
0.153153        0.771025
0.154154        0.770612
0.155155        0.770199
0.156156        0.769786
0.157157        0.769373
0.158158        0.768961
0.159159        0.768549
0.16016         0.768137
0.161161        0.767726
0.162162        0.767314
0.163163        0.766904
0.164164        0.766493
0.165165        0.766083
0.166166        0.765673
0.167167        0.765264
0.168168        0.764855
0.169169        0.764446
0.17017         0.764038
0.171171        0.76363
0.172172        0.763222
0.173173        0.762815
0.174174        0.762408
0.175175        0.762001
0.176176        0.761595
0.177177        0.76119
0.178178        0.760785
0.179179        0.76038
0.18018         0.759975
0.181181        0.759571
0.182182        0.759168
0.183183        0.758765
0.184184        0.758362
0.185185        0.75796
0.186186        0.757559
0.187187        0.757157
0.188188        0.756757
0.189189        0.756357
0.19019         0.755957
0.191191        0.755558
0.192192        0.755159
0.193193        0.754761
0.194194        0.754363
0.195195        0.753966
0.196196        0.75357
0.197197        0.753174
0.198198        0.752778
0.199199        0.752384
0.2002          0.751989
0.201201        0.751596
0.202202        0.751203
0.203203        0.75081
0.204204        0.750418
0.205205        0.750027
0.206206        0.749636
0.207207        0.749246
0.208208        0.748857
0.209209        0.748468
0.21021         0.74808
0.211211        0.747693
0.212212        0.747306
0.213213        0.74692
0.214214        0.746535
0.215215        0.74615
0.216216        0.745766
0.217217        0.745383
0.218218        0.745001
0.219219        0.744619
0.22022         0.744238
0.221221        0.743858
0.222222        0.743478
0.223223        0.7431
0.224224        0.742722
0.225225        0.742345
0.226226        0.741969
0.227227        0.741593
0.228228        0.741219
0.229229        0.740845
0.23023         0.740472
0.231231        0.7401
0.232232        0.739729
0.233233        0.739358
0.234234        0.738989
0.235235        0.738621
0.236236        0.738253
0.237237        0.737886
0.238238        0.737521
0.239239        0.737156
0.24024         0.736792
0.241241        0.736429
0.242242        0.736068
0.243243        0.735707
0.244244        0.735347
0.245245        0.734988
0.246246        0.73463
0.247247        0.734274
0.248248        0.733918
0.249249        0.733564
0.25025         0.73321
0.251251        0.732858
0.252252        0.732506
0.253253        0.732156
0.254254        0.731807
0.255255        0.73146
0.256256        0.731113
0.257257        0.730767
0.258258        0.730423
0.259259        0.73008
0.26026         0.729738
0.261261        0.729397
0.262262        0.729058
0.263263        0.72872
0.264264        0.728383
0.265265        0.728048
0.266266        0.727713
0.267267        0.727381
0.268268        0.727049
0.269269        0.726719
0.27027         0.72639
0.271271        0.726063
0.272272        0.725737
0.273273        0.725412
0.274274        0.725089
0.275275        0.724767
0.276276        0.724447
0.277277        0.724128
0.278278        0.723811
0.279279        0.723496
0.28028         0.723181
0.281281        0.722869
0.282282        0.722558
0.283283        0.722248
0.284284        0.721941
0.285285        0.721635
0.286286        0.72133
0.287287        0.721027
0.288288        0.720726
0.289289        0.720427
0.29029         0.720129
0.291291        0.719833
0.292292        0.719539
0.293293        0.719246
0.294294        0.718955
0.295295        0.718667
0.296296        0.71838
0.297297        0.718095
0.298298        0.717811
0.299299        0.71753
0.3003          0.71725
0.301301        0.716973
0.302302        0.716697
0.303303        0.716424
0.304304        0.716152
0.305305        0.715882
0.306306        0.715615
0.307307        0.715349
0.308308        0.715086
0.309309        0.714824
0.31031         0.714565
0.311311        0.714308
0.312312        0.714053
0.313313        0.7138
0.314314        0.713549
0.315315        0.713301
0.316316        0.713055
0.317317        0.712811
0.318318        0.712569
0.319319        0.71233
0.32032         0.712092
0.321321        0.711858
0.322322        0.711625
0.323323        0.711395
0.324324        0.711167
0.325325        0.710942
0.326326        0.710719
0.327327        0.710498
0.328328        0.71028
0.329329        0.710064
0.33033         0.709851
0.331331        0.70964
0.332332        0.709432
0.333333        0.709226
0.334334        0.709022
0.335335        0.708822
0.336336        0.708623
0.337337        0.708428
0.338338        0.708235
0.339339        0.708044
0.34034         0.707856
0.341341        0.707671
0.342342        0.707488
0.343343        0.707308
0.344344        0.70713
0.345345        0.706955
0.346346        0.706783
0.347347        0.706613
0.348348        0.706446
0.349349        0.706282
0.35035         0.70612
0.351351        0.705961
0.352352        0.705805
0.353353        0.705651
0.354354        0.7055
0.355355        0.705351
0.356356        0.705205
0.357357        0.705062
0.358358        0.704922
0.359359        0.704784
0.36036         0.704648
0.361361        0.704515
0.362362        0.704385
0.363363        0.704258
0.364364        0.704133
0.365365        0.70401
0.366366        0.70389
0.367367        0.703773
0.368368        0.703658
0.369369        0.703545
0.37037         0.703436
0.371371        0.703328
0.372372        0.703223
0.373373        0.70312
0.374374        0.70302
0.375375        0.702923
0.376376        0.702827
0.377377        0.702734
0.378378        0.702643
0.379379        0.702555
0.38038         0.702468
0.381381        0.702384
0.382382        0.702302
0.383383        0.702223
0.384384        0.702145
0.385385        0.70207
0.386386        0.701996
0.387387        0.701925
0.388388        0.701856
0.389389        0.701789
0.39039         0.701723
0.391391        0.70166
0.392392        0.701598
0.393393        0.701538
0.394394        0.701481
0.395395        0.701424
0.396396        0.70137
0.397397        0.701317
0.398398        0.701266
0.399399        0.701217
0.4004          0.701169
0.401401        0.701123
0.402402        0.701078
0.403403        0.701035
0.404404        0.700993
0.405405        0.700953
0.406406        0.700914
0.407407        0.700876
0.408408        0.70084
0.409409        0.700805
0.41041         0.700771
0.411411        0.700739
0.412412        0.700708
0.413413        0.700677
0.414414        0.700648
0.415415        0.70062
0.416416        0.700593
0.417417        0.700568
0.418418        0.700543
0.419419        0.700519
0.42042         0.700496
0.421421        0.700474
0.422422        0.700452
0.423423        0.700432
0.424424        0.700412
0.425425        0.700394
0.426426        0.700376
0.427427        0.700358
0.428428        0.700342
0.429429        0.700326
0.43043         0.700311
0.431431        0.700296
0.432432        0.700282
0.433433        0.700269
0.434434        0.700256
0.435435        0.700244
0.436436        0.700232
0.437437        0.700221
0.438438        0.70021
0.439439        0.7002
0.44044         0.70019
0.441441        0.700181
0.442442        0.700172
0.443443        0.700163
0.444444        0.700155
0.445445        0.700147
0.446446        0.70014
0.447447        0.700133
0.448448        0.700126
0.449449        0.70012
0.45045         0.700114
0.451451        0.700108
0.452452        0.700102
0.453453        0.700097
0.454454        0.700092
0.455455        0.700087
0.456456        0.700083
0.457457        0.700078
0.458458        0.700074
0.459459        0.70007
0.46046         0.700066
0.461461        0.700063
0.462462        0.700059
0.463463        0.700056
0.464464        0.700053
0.465465        0.70005
0.466466        0.700048
0.467467        0.700045
0.468468        0.700043
0.469469        0.70004
0.47047         0.700038
0.471471        0.700036
0.472472        0.700034
0.473473        0.700032
0.474474        0.70003
0.475475        0.700029
0.476476        0.700027
0.477477        0.700025
0.478478        0.700024
0.479479        0.700023
0.48048         0.700021
0.481481        0.70002
0.482482        0.700019
0.483483        0.700018
0.484484        0.700017
0.485485        0.700016
0.486486        0.700015
0.487487        0.700014
0.488488        0.700013
0.489489        0.700012
0.49049         0.700012
0.491491        0.700011
0.492492        0.70001
0.493493        0.70001
0.494494        0.700009
0.495495        0.700009
0.496496        0.700008
0.497497        0.700008
0.498498        0.700007
0.499499        0.700007
0.500501        0.700006
0.501502        0.700006
0.502503        0.700006
0.503504        0.700005
0.504505        0.700005
0.505506        0.700005
0.506507        0.700004
0.507508        0.700004
0.508509        0.700004
0.50951         0.700004
0.510511        0.700003
0.511512        0.700003
0.512513        0.700003
0.513514        0.700003
0.514515        0.700003
0.515516        0.700002
0.516517        0.700002
0.517518        0.700002
0.518519        0.700002
0.51952         0.700002
0.520521        0.700002
0.521522        0.700002
0.522523        0.700002
0.523524        0.700001
0.524525        0.700001
0.525526        0.700001
0.526527        0.700001
0.527528        0.700001
0.528529        0.700001
0.52953         0.700001
0.530531        0.700001
0.531532        0.700001
0.532533        0.700001
0.533534        0.700001
0.534535        0.700001
0.535536        0.700001
0.536537        0.700001
0.537538        0.700001
0.538539        0.700001
0.53954         0.7
0.540541        0.7
0.541542        0.7
0.542543        0.7
0.543544        0.7
0.544545        0.7
0.545546        0.7
0.546547        0.7
0.547548        0.7
0.548549        0.7
0.54955         0.7
0.550551        0.7
0.551552        0.7
0.552553        0.7
0.553554        0.7
0.554555        0.7
0.555556        0.7
0.556557        0.7
0.557558        0.7
0.558559        0.7
0.55956         0.7
0.560561        0.7
0.561562        0.7
0.562563        0.7
0.563564        0.7
0.564565        0.7
0.565566        0.7
0.566567        0.7
0.567568        0.7
0.568569        0.7
0.56957         0.7
0.570571        0.7
0.571572        0.7
0.572573        0.7
0.573574        0.7
0.574575        0.7
0.575576        0.7
0.576577        0.7
0.577578        0.7
0.578579        0.7
0.57958         0.7
0.580581        0.7
0.581582        0.7
0.582583        0.7
0.583584        0.7
0.584585        0.7
0.585586        0.7
0.586587        0.7
0.587588        0.7
0.588589        0.7
0.58959         0.7
0.590591        0.7
0.591592        0.7
0.592593        0.7
0.593594        0.7
0.594595        0.7
0.595596        0.7
0.596597        0.7
0.597598        0.7
0.598599        0.7
0.5996          0.7
0.600601        0.7
0.601602        0.7
0.602603        0.7
0.603604        0.7
0.604605        0.7
0.605606        0.7
0.606607        0.7
0.607608        0.7
0.608609        0.7
0.60961         0.7
0.610611        0.7
0.611612        0.7
0.612613        0.7
0.613614        0.7
0.614615        0.7
0.615616        0.7
0.616617        0.7
0.617618        0.7
0.618619        0.7
0.61962         0.7
0.620621        0.7
0.621622        0.7
0.622623        0.7
0.623624        0.7
0.624625        0.7
0.625626        0.7
0.626627        0.7
0.627628        0.7
0.628629        0.7
0.62963         0.7
0.630631        0.7
0.631632        0.7
0.632633        0.7
0.633634        0.7
0.634635        0.7
0.635636        0.7
0.636637        0.7
0.637638        0.7
0.638639        0.7
0.63964         0.7
0.640641        0.7
0.641642        0.7
0.642643        0.7
0.643644        0.7
0.644645        0.7
0.645646        0.7
0.646647        0.7
0.647648        0.7
0.648649        0.7
0.64965         0.7
0.650651        0.7
0.651652        0.7
0.652653        0.7
0.653654        0.7
0.654655        0.7
0.655656        0.7
0.656657        0.7
0.657658        0.7
0.658659        0.7
0.65966         0.7
0.660661        0.7
0.661662        0.7
0.662663        0.7
0.663664        0.7
0.664665        0.7
0.665666        0.7
0.666667        0.7
0.667668        0.7
0.668669        0.7
0.66967         0.7
0.670671        0.7
0.671672        0.7
0.672673        0.7
0.673674        0.7
0.674675        0.7
0.675676        0.7
0.676677        0.7
0.677678        0.7
0.678679        0.7
0.67968         0.7
0.680681        0.7
0.681682        0.7
0.682683        0.7
0.683684        0.7
0.684685        0.7
0.685686        0.7
0.686687        0.7
0.687688        0.7
0.688689        0.7
0.68969         0.7
0.690691        0.7
0.691692        0.7
0.692693        0.7
0.693694        0.7
0.694695        0.7
0.695696        0.7
0.696697        0.7
0.697698        0.7
0.698699        0.7
0.6997          0.7
0.700701        0.7
0.701702        0.7
0.702703        0.7
0.703704        0.7
0.704705        0.7
0.705706        0.7
0.706707        0.7
0.707708        0.7
0.708709        0.7
0.70971         0.7
0.710711        0.7
0.711712        0.7
0.712713        0.7
0.713714        0.7
0.714715        0.7
0.715716        0.7
0.716717        0.7
0.717718        0.7
0.718719        0.7
0.71972         0.7
0.720721        0.7
0.721722        0.7
0.722723        0.7
0.723724        0.7
0.724725        0.7
0.725726        0.7
0.726727        0.7
0.727728        0.7
0.728729        0.7
0.72973         0.7
0.730731        0.7
0.731732        0.7
0.732733        0.7
0.733734        0.7
0.734735        0.7
0.735736        0.7
0.736737        0.7
0.737738        0.7
0.738739        0.7
0.73974         0.7
0.740741        0.7
0.741742        0.7
0.742743        0.7
0.743744        0.7
0.744745        0.7
0.745746        0.7
0.746747        0.7
0.747748        0.7
0.748749        0.7
0.74975         0.7
0.750751        0.7
0.751752        0.7
0.752753        0.7
0.753754        0.7
0.754755        0.7
0.755756        0.7
0.756757        0.7
0.757758        0.7
0.758759        0.7
0.75976         0.7
0.760761        0.7
0.761762        0.7
0.762763        0.7
0.763764        0.7
0.764765        0.7
0.765766        0.7
0.766767        0.7
0.767768        0.7
0.768769        0.7
0.76977         0.7
0.770771        0.7
0.771772        0.7
0.772773        0.7
0.773774        0.7
0.774775        0.7
0.775776        0.7
0.776777        0.7
0.777778        0.7
0.778779        0.7
0.77978         0.7
0.780781        0.7
0.781782        0.7
0.782783        0.7
0.783784        0.7
0.784785        0.7
0.785786        0.7
0.786787        0.7
0.787788        0.7
0.788789        0.7
0.78979         0.7
0.790791        0.7
0.791792        0.7
0.792793        0.7
0.793794        0.7
0.794795        0.7
0.795796        0.7
0.796797        0.7
0.797798        0.7
0.798799        0.7
0.7998          0.7
0.800801        0.7
0.801802        0.7
0.802803        0.7
0.803804        0.7
0.804805        0.7
0.805806        0.7
0.806807        0.7
0.807808        0.7
0.808809        0.7
0.80981         0.7
0.810811        0.7
0.811812        0.7
0.812813        0.7
0.813814        0.7
0.814815        0.7
0.815816        0.7
0.816817        0.7
0.817818        0.7
0.818819        0.7
0.81982         0.7
0.820821        0.7
0.821822        0.700001
0.822823        0.700001
0.823824        0.700001
0.824825        0.700001
0.825826        0.700001
0.826827        0.700001
0.827828        0.700001
0.828829        0.700001
0.82983         0.700001
0.830831        0.700001
0.831832        0.700001
0.832833        0.700001
0.833834        0.700001
0.834835        0.700001
0.835836        0.700001
0.836837        0.700001
0.837838        0.700002
0.838839        0.700002
0.83984         0.700002
0.840841        0.700002
0.841842        0.700002
0.842843        0.700002
0.843844        0.700002
0.844845        0.700003
0.845846        0.700003
0.846847        0.700003
0.847848        0.700003
0.848849        0.700003
0.84985         0.700004
0.850851        0.700004
0.851852        0.700004
0.852853        0.700004
0.853854        0.700005
0.854855        0.700005
0.855856        0.700005
0.856857        0.700005
0.857858        0.700006
0.858859        0.700006
0.85986         0.700007
0.860861        0.700007
0.861862        0.700007
0.862863        0.700008
0.863864        0.700008
0.864865        0.700009
0.865866        0.70001
0.866867        0.70001
0.867868        0.700011
0.868869        0.700012
0.86987         0.700012
0.870871        0.700013
0.871872        0.700014
0.872873        0.700015
0.873874        0.700016
0.874875        0.700017
0.875876        0.700018
0.876877        0.700019
0.877878        0.70002
0.878879        0.700021
0.87988         0.700022
0.880881        0.700024
0.881882        0.700025
0.882883        0.700027
0.883884        0.700028
0.884885        0.70003
0.885886        0.700032
0.886887        0.700033
0.887888        0.700035
0.888889        0.700038
0.88989         0.70004
0.890891        0.700042
0.891892        0.700045
0.892893        0.700047
0.893894        0.70005
0.894895        0.700053
0.895896        0.700056
0.896897        0.700059
0.897898        0.700062
0.898899        0.700066
0.8999          0.70007
0.900901        0.700074
0.901902        0.700078
0.902903        0.700082
0.903904        0.700087
0.904905        0.700092
0.905906        0.700097
0.906907        0.700102
0.907908        0.700108
0.908909        0.700114
0.90991         0.70012
0.910911        0.700126
0.911912        0.700133
0.912913        0.700141
0.913914        0.700148
0.914915        0.700156
0.915916        0.700165
0.916917        0.700174
0.917918        0.700183
0.918919        0.700193
0.91992         0.700203
0.920921        0.700214
0.921922        0.700225
0.922923        0.700237
0.923924        0.700249
0.924925        0.700262
0.925926        0.700276
0.926927        0.70029
0.927928        0.700306
0.928929        0.700321
0.92993         0.700338
0.930931        0.700355
0.931932        0.700374
0.932933        0.700393
0.933934        0.700413
0.934935        0.700434
0.935936        0.700456
0.936937        0.700479
0.937938        0.700503
0.938939        0.700529
0.93994         0.700555
0.940941        0.700583
0.941942        0.700613
0.942943        0.700643
0.943944        0.700675
0.944945        0.700709
0.945946        0.700744
0.946947        0.700781
0.947948        0.70082
0.948949        0.70086
0.94995         0.700903
0.950951        0.700948
0.951952        0.700994
0.952953        0.701043
0.953954        0.701094
0.954955        0.701148
0.955956        0.701205
0.956957        0.701264
0.957958        0.701326
0.958959        0.701391
0.95996         0.701459
0.960961        0.701531
0.961962        0.701608
0.962963        0.701691
0.963964        0.701785
0.964965        0.701903
0.965966        0.702078
0.966967        0.702396
0.967968        0.703086
0.968969        0.704737
0.96997         0.708813
0.970971        0.718554
0.971972        0.739356
0.972973        0.774664
0.973974        0.816072
0.974975        0.844589
0.975976        0.851446
0.976977        0.845959
0.977978        0.840295
0.978979        0.838596
0.97998         0.83926
0.980981        0.840017
0.981982        0.840027
0.982983        0.839542
0.983984        0.839003
0.984985        0.838596
0.985986        0.838287
0.986987        0.837992
0.987988        0.837671
0.988989        0.837328
0.98999         0.836978
0.990991        0.836629
0.991992        0.836282
0.992993        0.835934
0.993994        0.835584
0.994995        0.835231
0.995996        0.834876
0.996997        0.834519
0.997998        0.834161
0.998999        0.833801
1               0.833439
