#====================================================
#t = 5       rho_bar = 0.7     Viscosity = 0.17
#====================================================
#x              rho
#====================================================
0               0.759437
0.001001        0.759345
0.002002        0.759253
0.003003        0.759161
0.004004        0.759069
0.00500501      0.758977
0.00600601      0.758885
0.00700701      0.758794
0.00800801      0.758702
0.00900901      0.75861
0.01001         0.758518
0.011011        0.758426
0.012012        0.758334
0.013013        0.758243
0.014014        0.758151
0.015015        0.758059
0.016016        0.757967
0.017017        0.757875
0.018018        0.757784
0.019019        0.757692
0.02002         0.7576
0.021021        0.757508
0.022022        0.757416
0.023023        0.757325
0.024024        0.757233
0.025025        0.757141
0.026026        0.757049
0.027027        0.756958
0.028028        0.756866
0.029029        0.756774
0.03003         0.756682
0.031031        0.756591
0.032032        0.756499
0.033033        0.756407
0.034034        0.756316
0.035035        0.756224
0.036036        0.756132
0.037037        0.756041
0.038038        0.755949
0.039039        0.755857
0.04004         0.755766
0.041041        0.755674
0.042042        0.755582
0.043043        0.755491
0.044044        0.755399
0.045045        0.755307
0.046046        0.755216
0.047047        0.755124
0.048048        0.755033
0.049049        0.754941
0.0500501       0.754849
0.0510511       0.754758
0.0520521       0.754666
0.0530531       0.754575
0.0540541       0.754483
0.0550551       0.754392
0.0560561       0.7543
0.0570571       0.754208
0.0580581       0.754117
0.0590591       0.754025
0.0600601       0.753934
0.0610611       0.753842
0.0620621       0.753751
0.0630631       0.753659
0.0640641       0.753568
0.0650651       0.753476
0.0660661       0.753385
0.0670671       0.753293
0.0680681       0.753202
0.0690691       0.75311
0.0700701       0.753019
0.0710711       0.752927
0.0720721       0.752836
0.0730731       0.752745
0.0740741       0.752653
0.0750751       0.752562
0.0760761       0.75247
0.0770771       0.752379
0.0780781       0.752287
0.0790791       0.752196
0.0800801       0.752105
0.0810811       0.752013
0.0820821       0.751922
0.0830831       0.751831
0.0840841       0.751739
0.0850851       0.751648
0.0860861       0.751557
0.0870871       0.751465
0.0880881       0.751374
0.0890891       0.751283
0.0900901       0.751191
0.0910911       0.7511
0.0920921       0.751009
0.0930931       0.750917
0.0940941       0.750826
0.0950951       0.750735
0.0960961       0.750644
0.0970971       0.750552
0.0980981       0.750461
0.0990991       0.75037
0.1001          0.750279
0.101101        0.750187
0.102102        0.750096
0.103103        0.750005
0.104104        0.749914
0.105105        0.749823
0.106106        0.749731
0.107107        0.74964
0.108108        0.749549
0.109109        0.749458
0.11011         0.749367
0.111111        0.749276
0.112112        0.749184
0.113113        0.749093
0.114114        0.749002
0.115115        0.748911
0.116116        0.74882
0.117117        0.748729
0.118118        0.748638
0.119119        0.748547
0.12012         0.748456
0.121121        0.748365
0.122122        0.748274
0.123123        0.748182
0.124124        0.748091
0.125125        0.748
0.126126        0.747909
0.127127        0.747818
0.128128        0.747727
0.129129        0.747636
0.13013         0.747545
0.131131        0.747454
0.132132        0.747363
0.133133        0.747273
0.134134        0.747182
0.135135        0.747091
0.136136        0.747
0.137137        0.746909
0.138138        0.746818
0.139139        0.746727
0.14014         0.746636
0.141141        0.746545
0.142142        0.746454
0.143143        0.746364
0.144144        0.746273
0.145145        0.746182
0.146146        0.746091
0.147147        0.746
0.148148        0.745909
0.149149        0.745819
0.15015         0.745728
0.151151        0.745637
0.152152        0.745546
0.153153        0.745455
0.154154        0.745365
0.155155        0.745274
0.156156        0.745183
0.157157        0.745093
0.158158        0.745002
0.159159        0.744911
0.16016         0.74482
0.161161        0.74473
0.162162        0.744639
0.163163        0.744548
0.164164        0.744458
0.165165        0.744367
0.166166        0.744276
0.167167        0.744186
0.168168        0.744095
0.169169        0.744005
0.17017         0.743914
0.171171        0.743823
0.172172        0.743733
0.173173        0.743642
0.174174        0.743552
0.175175        0.743461
0.176176        0.743371
0.177177        0.74328
0.178178        0.74319
0.179179        0.743099
0.18018         0.743009
0.181181        0.742918
0.182182        0.742828
0.183183        0.742737
0.184184        0.742647
0.185185        0.742557
0.186186        0.742466
0.187187        0.742376
0.188188        0.742285
0.189189        0.742195
0.19019         0.742105
0.191191        0.742014
0.192192        0.741924
0.193193        0.741834
0.194194        0.741743
0.195195        0.741653
0.196196        0.741563
0.197197        0.741472
0.198198        0.741382
0.199199        0.741292
0.2002          0.741202
0.201201        0.741111
0.202202        0.741021
0.203203        0.740931
0.204204        0.740841
0.205205        0.740751
0.206206        0.74066
0.207207        0.74057
0.208208        0.74048
0.209209        0.74039
0.21021         0.7403
0.211211        0.74021
0.212212        0.74012
0.213213        0.740029
0.214214        0.739939
0.215215        0.739849
0.216216        0.739759
0.217217        0.739669
0.218218        0.739579
0.219219        0.739489
0.22022         0.739399
0.221221        0.739309
0.222222        0.739219
0.223223        0.739129
0.224224        0.739039
0.225225        0.738949
0.226226        0.73886
0.227227        0.73877
0.228228        0.73868
0.229229        0.73859
0.23023         0.7385
0.231231        0.73841
0.232232        0.73832
0.233233        0.73823
0.234234        0.738141
0.235235        0.738051
0.236236        0.737961
0.237237        0.737871
0.238238        0.737782
0.239239        0.737692
0.24024         0.737602
0.241241        0.737512
0.242242        0.737423
0.243243        0.737333
0.244244        0.737243
0.245245        0.737154
0.246246        0.737064
0.247247        0.736974
0.248248        0.736885
0.249249        0.736795
0.25025         0.736706
0.251251        0.736616
0.252252        0.736527
0.253253        0.736437
0.254254        0.736348
0.255255        0.736258
0.256256        0.736169
0.257257        0.736079
0.258258        0.73599
0.259259        0.7359
0.26026         0.735811
0.261261        0.735721
0.262262        0.735632
0.263263        0.735543
0.264264        0.735453
0.265265        0.735364
0.266266        0.735275
0.267267        0.735185
0.268268        0.735096
0.269269        0.735007
0.27027         0.734917
0.271271        0.734828
0.272272        0.734739
0.273273        0.73465
0.274274        0.734561
0.275275        0.734471
0.276276        0.734382
0.277277        0.734293
0.278278        0.734204
0.279279        0.734115
0.28028         0.734026
0.281281        0.733937
0.282282        0.733848
0.283283        0.733759
0.284284        0.73367
0.285285        0.733581
0.286286        0.733492
0.287287        0.733403
0.288288        0.733314
0.289289        0.733225
0.29029         0.733136
0.291291        0.733047
0.292292        0.732958
0.293293        0.732869
0.294294        0.73278
0.295295        0.732692
0.296296        0.732603
0.297297        0.732514
0.298298        0.732425
0.299299        0.732336
0.3003          0.732248
0.301301        0.732159
0.302302        0.73207
0.303303        0.731982
0.304304        0.731893
0.305305        0.731804
0.306306        0.731716
0.307307        0.731627
0.308308        0.731539
0.309309        0.73145
0.31031         0.731361
0.311311        0.731273
0.312312        0.731184
0.313313        0.731096
0.314314        0.731008
0.315315        0.730919
0.316316        0.730831
0.317317        0.730742
0.318318        0.730654
0.319319        0.730566
0.32032         0.730477
0.321321        0.730389
0.322322        0.730301
0.323323        0.730212
0.324324        0.730124
0.325325        0.730036
0.326326        0.729948
0.327327        0.72986
0.328328        0.729771
0.329329        0.729683
0.33033         0.729595
0.331331        0.729507
0.332332        0.729419
0.333333        0.729331
0.334334        0.729243
0.335335        0.729155
0.336336        0.729067
0.337337        0.728979
0.338338        0.728891
0.339339        0.728803
0.34034         0.728715
0.341341        0.728627
0.342342        0.72854
0.343343        0.728452
0.344344        0.728364
0.345345        0.728276
0.346346        0.728189
0.347347        0.728101
0.348348        0.728013
0.349349        0.727925
0.35035         0.727838
0.351351        0.72775
0.352352        0.727663
0.353353        0.727575
0.354354        0.727487
0.355355        0.7274
0.356356        0.727312
0.357357        0.727225
0.358358        0.727138
0.359359        0.72705
0.36036         0.726963
0.361361        0.726875
0.362362        0.726788
0.363363        0.726701
0.364364        0.726613
0.365365        0.726526
0.366366        0.726439
0.367367        0.726352
0.368368        0.726265
0.369369        0.726177
0.37037         0.72609
0.371371        0.726003
0.372372        0.725916
0.373373        0.725829
0.374374        0.725742
0.375375        0.725655
0.376376        0.725568
0.377377        0.725481
0.378378        0.725394
0.379379        0.725308
0.38038         0.725221
0.381381        0.725134
0.382382        0.725047
0.383383        0.72496
0.384384        0.724874
0.385385        0.724787
0.386386        0.7247
0.387387        0.724614
0.388388        0.724527
0.389389        0.724441
0.39039         0.724354
0.391391        0.724267
0.392392        0.724181
0.393393        0.724095
0.394394        0.724008
0.395395        0.723922
0.396396        0.723835
0.397397        0.723749
0.398398        0.723663
0.399399        0.723577
0.4004          0.72349
0.401401        0.723404
0.402402        0.723318
0.403403        0.723232
0.404404        0.723146
0.405405        0.72306
0.406406        0.722974
0.407407        0.722888
0.408408        0.722802
0.409409        0.722716
0.41041         0.72263
0.411411        0.722544
0.412412        0.722458
0.413413        0.722373
0.414414        0.722287
0.415415        0.722201
0.416416        0.722116
0.417417        0.72203
0.418418        0.721944
0.419419        0.721859
0.42042         0.721773
0.421421        0.721688
0.422422        0.721602
0.423423        0.721517
0.424424        0.721432
0.425425        0.721346
0.426426        0.721261
0.427427        0.721176
0.428428        0.721091
0.429429        0.721005
0.43043         0.72092
0.431431        0.720835
0.432432        0.72075
0.433433        0.720665
0.434434        0.72058
0.435435        0.720495
0.436436        0.72041
0.437437        0.720326
0.438438        0.720241
0.439439        0.720156
0.44044         0.720071
0.441441        0.719987
0.442442        0.719902
0.443443        0.719817
0.444444        0.719733
0.445445        0.719648
0.446446        0.719564
0.447447        0.71948
0.448448        0.719395
0.449449        0.719311
0.45045         0.719227
0.451451        0.719142
0.452452        0.719058
0.453453        0.718974
0.454454        0.71889
0.455455        0.718806
0.456456        0.718722
0.457457        0.718638
0.458458        0.718554
0.459459        0.71847
0.46046         0.718386
0.461461        0.718303
0.462462        0.718219
0.463463        0.718135
0.464464        0.718052
0.465465        0.717968
0.466466        0.717885
0.467467        0.717801
0.468468        0.717718
0.469469        0.717635
0.47047         0.717551
0.471471        0.717468
0.472472        0.717385
0.473473        0.717302
0.474474        0.717219
0.475475        0.717136
0.476476        0.717053
0.477477        0.71697
0.478478        0.716887
0.479479        0.716804
0.48048         0.716721
0.481481        0.716639
0.482482        0.716556
0.483483        0.716474
0.484484        0.716391
0.485485        0.716309
0.486486        0.716226
0.487487        0.716144
0.488488        0.716062
0.489489        0.715979
0.49049         0.715897
0.491491        0.715815
0.492492        0.715733
0.493493        0.715651
0.494494        0.715569
0.495495        0.715487
0.496496        0.715406
0.497497        0.715324
0.498498        0.715242
0.499499        0.715161
0.500501        0.715079
0.501502        0.714998
0.502503        0.714916
0.503504        0.714835
0.504505        0.714754
0.505506        0.714673
0.506507        0.714592
0.507508        0.714511
0.508509        0.71443
0.50951         0.714349
0.510511        0.714268
0.511512        0.714187
0.512513        0.714107
0.513514        0.714026
0.514515        0.713945
0.515516        0.713865
0.516517        0.713785
0.517518        0.713704
0.518519        0.713624
0.51952         0.713544
0.520521        0.713464
0.521522        0.713384
0.522523        0.713304
0.523524        0.713224
0.524525        0.713145
0.525526        0.713065
0.526527        0.712985
0.527528        0.712906
0.528529        0.712826
0.52953         0.712747
0.530531        0.712668
0.531532        0.712589
0.532533        0.71251
0.533534        0.712431
0.534535        0.712352
0.535536        0.712273
0.536537        0.712194
0.537538        0.712116
0.538539        0.712037
0.53954         0.711959
0.540541        0.711881
0.541542        0.711802
0.542543        0.711724
0.543544        0.711646
0.544545        0.711568
0.545546        0.71149
0.546547        0.711413
0.547548        0.711335
0.548549        0.711257
0.54955         0.71118
0.550551        0.711103
0.551552        0.711025
0.552553        0.710948
0.553554        0.710871
0.554555        0.710794
0.555556        0.710718
0.556557        0.710641
0.557558        0.710564
0.558559        0.710488
0.55956         0.710412
0.560561        0.710335
0.561562        0.710259
0.562563        0.710183
0.563564        0.710107
0.564565        0.710032
0.565566        0.709956
0.566567        0.70988
0.567568        0.709805
0.568569        0.70973
0.56957         0.709654
0.570571        0.709579
0.571572        0.709505
0.572573        0.70943
0.573574        0.709355
0.574575        0.709281
0.575576        0.709206
0.576577        0.709132
0.577578        0.709058
0.578579        0.708984
0.57958         0.70891
0.580581        0.708836
0.581582        0.708763
0.582583        0.708689
0.583584        0.708616
0.584585        0.708543
0.585586        0.70847
0.586587        0.708397
0.587588        0.708324
0.588589        0.708252
0.58959         0.70818
0.590591        0.708107
0.591592        0.708035
0.592593        0.707963
0.593594        0.707892
0.594595        0.70782
0.595596        0.707749
0.596597        0.707677
0.597598        0.707606
0.598599        0.707535
0.5996          0.707465
0.600601        0.707394
0.601602        0.707324
0.602603        0.707253
0.603604        0.707183
0.604605        0.707114
0.605606        0.707044
0.606607        0.706974
0.607608        0.706905
0.608609        0.706836
0.60961         0.706767
0.610611        0.706698
0.611612        0.70663
0.612613        0.706562
0.613614        0.706493
0.614615        0.706426
0.615616        0.706358
0.616617        0.70629
0.617618        0.706223
0.618619        0.706156
0.61962         0.706089
0.620621        0.706022
0.621622        0.705956
0.622623        0.70589
0.623624        0.705824
0.624625        0.705758
0.625626        0.705693
0.626627        0.705627
0.627628        0.705562
0.628629        0.705497
0.62963         0.705433
0.630631        0.705369
0.631632        0.705304
0.632633        0.705241
0.633634        0.705177
0.634635        0.705114
0.635636        0.705051
0.636637        0.704988
0.637638        0.704925
0.638639        0.704863
0.63964         0.704801
0.640641        0.704739
0.641642        0.704678
0.642643        0.704617
0.643644        0.704556
0.644645        0.704495
0.645646        0.704435
0.646647        0.704375
0.647648        0.704315
0.648649        0.704256
0.64965         0.704197
0.650651        0.704138
0.651652        0.70408
0.652653        0.704021
0.653654        0.703964
0.654655        0.703906
0.655656        0.703849
0.656657        0.703792
0.657658        0.703736
0.658659        0.703679
0.65966         0.703623
0.660661        0.703568
0.661662        0.703513
0.662663        0.703458
0.663664        0.703404
0.664665        0.703349
0.665666        0.703296
0.666667        0.703242
0.667668        0.703189
0.668669        0.703137
0.66967         0.703084
0.670671        0.703033
0.671672        0.702981
0.672673        0.70293
0.673674        0.702879
0.674675        0.702829
0.675676        0.702779
0.676677        0.70273
0.677678        0.702681
0.678679        0.702632
0.67968         0.702584
0.680681        0.702536
0.681682        0.702489
0.682683        0.702442
0.683684        0.702395
0.684685        0.702349
0.685686        0.702303
0.686687        0.702258
0.687688        0.702213
0.688689        0.702169
0.68969         0.702125
0.690691        0.702082
0.691692        0.702039
0.692693        0.701996
0.693694        0.701954
0.694695        0.701913
0.695696        0.701872
0.696697        0.701831
0.697698        0.701791
0.698699        0.701752
0.6997          0.701712
0.700701        0.701674
0.701702        0.701636
0.702703        0.701598
0.703704        0.701561
0.704705        0.701524
0.705706        0.701488
0.706707        0.701452
0.707708        0.701417
0.708709        0.701383
0.70971         0.701348
0.710711        0.701315
0.711712        0.701282
0.712713        0.701249
0.713714        0.701217
0.714715        0.701185
0.715716        0.701154
0.716717        0.701124
0.717718        0.701094
0.718719        0.701064
0.71972         0.701035
0.720721        0.701006
0.721722        0.700978
0.722723        0.700951
0.723724        0.700924
0.724725        0.700897
0.725726        0.700871
0.726727        0.700846
0.727728        0.700821
0.728729        0.700797
0.72973         0.700773
0.730731        0.700749
0.731732        0.700726
0.732733        0.700704
0.733734        0.700682
0.734735        0.70066
0.735736        0.700639
0.736737        0.700619
0.737738        0.700599
0.738739        0.700579
0.73974         0.70056
0.740741        0.700541
0.741742        0.700523
0.742743        0.700505
0.743744        0.700488
0.744745        0.700471
0.745746        0.700455
0.746747        0.700439
0.747748        0.700423
0.748749        0.700408
0.74975         0.700393
0.750751        0.700379
0.751752        0.700365
0.752753        0.700352
0.753754        0.700338
0.754755        0.700326
0.755756        0.700313
0.756757        0.700301
0.757758        0.70029
0.758759        0.700279
0.75976         0.700268
0.760761        0.700257
0.761762        0.700247
0.762763        0.700237
0.763764        0.700227
0.764765        0.700218
0.765766        0.700209
0.766767        0.700201
0.767768        0.700192
0.768769        0.700184
0.76977         0.700177
0.770771        0.700169
0.771772        0.700162
0.772773        0.700155
0.773774        0.700148
0.774775        0.700142
0.775776        0.700135
0.776777        0.70013
0.777778        0.700124
0.778779        0.700118
0.77978         0.700113
0.780781        0.700108
0.781782        0.700103
0.782783        0.700098
0.783784        0.700094
0.784785        0.700089
0.785786        0.700085
0.786787        0.700081
0.787788        0.700077
0.788789        0.700074
0.78979         0.70007
0.790791        0.700067
0.791792        0.700064
0.792793        0.70006
0.793794        0.700058
0.794795        0.700055
0.795796        0.700052
0.796797        0.700049
0.797798        0.700047
0.798799        0.700045
0.7998          0.700042
0.800801        0.70004
0.801802        0.700038
0.802803        0.700036
0.803804        0.700034
0.804805        0.700033
0.805806        0.700031
0.806807        0.700029
0.807808        0.700028
0.808809        0.700026
0.80981         0.700025
0.810811        0.700024
0.811812        0.700022
0.812813        0.700021
0.813814        0.70002
0.814815        0.700019
0.815816        0.700018
0.816817        0.700017
0.817818        0.700016
0.818819        0.700015
0.81982         0.700014
0.820821        0.700014
0.821822        0.700013
0.822823        0.700012
0.823824        0.700011
0.824825        0.700011
0.825826        0.70001
0.826827        0.70001
0.827828        0.700009
0.828829        0.700009
0.82983         0.700008
0.830831        0.700008
0.831832        0.700007
0.832833        0.700007
0.833834        0.700006
0.834835        0.700006
0.835836        0.700006
0.836837        0.700005
0.837838        0.700005
0.838839        0.700005
0.83984         0.700004
0.840841        0.700004
0.841842        0.700004
0.842843        0.700004
0.843844        0.700004
0.844845        0.700003
0.845846        0.700003
0.846847        0.700003
0.847848        0.700003
0.848849        0.700003
0.84985         0.700002
0.850851        0.700002
0.851852        0.700002
0.852853        0.700002
0.853854        0.700002
0.854855        0.700002
0.855856        0.700002
0.856857        0.700002
0.857858        0.700001
0.858859        0.700001
0.85986         0.700001
0.860861        0.700001
0.861862        0.700001
0.862863        0.700001
0.863864        0.700001
0.864865        0.700001
0.865866        0.700001
0.866867        0.700001
0.867868        0.700001
0.868869        0.700001
0.86987         0.700001
0.870871        0.700001
0.871872        0.700001
0.872873        0.700001
0.873874        0.700001
0.874875        0.700001
0.875876        0.7
0.876877        0.700001
0.877878        0.700001
0.878879        0.700001
0.87988         0.700001
0.880881        0.700001
0.881882        0.700002
0.882883        0.700004
0.883884        0.700007
0.884885        0.700013
0.885886        0.700023
0.886887        0.700043
0.887888        0.70008
0.888889        0.700148
0.88989         0.700274
0.890891        0.700506
0.891892        0.700932
0.892893        0.701711
0.893894        0.703116
0.894895        0.705598
0.895896        0.709827
0.896897        0.716614
0.897898        0.72652
0.898899        0.739071
0.8999          0.752113
0.900901        0.762588
0.901902        0.76856
0.902903        0.770421
0.903904        0.770029
0.904905        0.769049
0.905906        0.768279
0.906907        0.767874
0.907908        0.767726
0.908909        0.767692
0.90991         0.767673
0.910911        0.767629
0.911912        0.767555
0.912913        0.767463
0.913914        0.767365
0.914915        0.767267
0.915916        0.767172
0.916917        0.767078
0.917918        0.766986
0.918919        0.766895
0.91992         0.766803
0.920921        0.766711
0.921922        0.766619
0.922923        0.766526
0.923924        0.766434
0.924925        0.766342
0.925926        0.766249
0.926927        0.766157
0.927928        0.766065
0.928929        0.765973
0.92993         0.765881
0.930931        0.765788
0.931932        0.765696
0.932933        0.765604
0.933934        0.765512
0.934935        0.76542
0.935936        0.765327
0.936937        0.765235
0.937938        0.765143
0.938939        0.765051
0.93994         0.764959
0.940941        0.764867
0.941942        0.764774
0.942943        0.764682
0.943944        0.76459
0.944945        0.764498
0.945946        0.764406
0.946947        0.764314
0.947948        0.764221
0.948949        0.764129
0.94995         0.764037
0.950951        0.763945
0.951952        0.763853
0.952953        0.763761
0.953954        0.763669
0.954955        0.763577
0.955956        0.763485
0.956957        0.763392
0.957958        0.7633
0.958959        0.763208
0.95996         0.763116
0.960961        0.763024
0.961962        0.762932
0.962963        0.76284
0.963964        0.762748
0.964965        0.762656
0.965966        0.762564
0.966967        0.762472
0.967968        0.76238
0.968969        0.762288
0.96997         0.762196
0.970971        0.762103
0.971972        0.762011
0.972973        0.761919
0.973974        0.761827
0.974975        0.761735
0.975976        0.761643
0.976977        0.761551
0.977978        0.761459
0.978979        0.761367
0.97998         0.761275
0.980981        0.761183
0.981982        0.761091
0.982983        0.760999
0.983984        0.760907
0.984985        0.760816
0.985986        0.760724
0.986987        0.760632
0.987988        0.76054
0.988989        0.760448
0.98999         0.760356
0.990991        0.760264
0.991992        0.760172
0.992993        0.76008
0.993994        0.759988
0.994995        0.759896
0.995996        0.759804
0.996997        0.759712
0.997998        0.75962
0.998999        0.759528
1               0.759437
