#====================================================
#   t = 3       rho_bar = 0.7     Viscosity = 0.1
#====================================================
#x              rho
#====================================================
0               0.765263
0.001001        0.765117
0.002002        0.764971
0.003003        0.764825
0.004004        0.764679
0.00500501      0.764532
0.00600601      0.764386
0.00700701      0.76424
0.00800801      0.764094
0.00900901      0.763948
0.01001         0.763802
0.011011        0.763656
0.012012        0.76351
0.013013        0.763364
0.014014        0.763218
0.015015        0.763072
0.016016        0.762926
0.017017        0.76278
0.018018        0.762634
0.019019        0.762488
0.02002         0.762342
0.021021        0.762196
0.022022        0.76205
0.023023        0.761904
0.024024        0.761759
0.025025        0.761613
0.026026        0.761467
0.027027        0.761321
0.028028        0.761175
0.029029        0.76103
0.03003         0.760884
0.031031        0.760738
0.032032        0.760593
0.033033        0.760447
0.034034        0.760301
0.035035        0.760156
0.036036        0.76001
0.037037        0.759864
0.038038        0.759719
0.039039        0.759573
0.04004         0.759428
0.041041        0.759282
0.042042        0.759137
0.043043        0.758991
0.044044        0.758846
0.045045        0.758701
0.046046        0.758555
0.047047        0.75841
0.048048        0.758265
0.049049        0.758119
0.0500501       0.757974
0.0510511       0.757829
0.0520521       0.757683
0.0530531       0.757538
0.0540541       0.757393
0.0550551       0.757248
0.0560561       0.757103
0.0570571       0.756957
0.0580581       0.756812
0.0590591       0.756667
0.0600601       0.756522
0.0610611       0.756377
0.0620621       0.756232
0.0630631       0.756087
0.0640641       0.755942
0.0650651       0.755797
0.0660661       0.755652
0.0670671       0.755507
0.0680681       0.755362
0.0690691       0.755218
0.0700701       0.755073
0.0710711       0.754928
0.0720721       0.754783
0.0730731       0.754638
0.0740741       0.754494
0.0750751       0.754349
0.0760761       0.754204
0.0770771       0.75406
0.0780781       0.753915
0.0790791       0.753771
0.0800801       0.753626
0.0810811       0.753481
0.0820821       0.753337
0.0830831       0.753192
0.0840841       0.753048
0.0850851       0.752904
0.0860861       0.752759
0.0870871       0.752615
0.0880881       0.75247
0.0890891       0.752326
0.0900901       0.752182
0.0910911       0.752038
0.0920921       0.751893
0.0930931       0.751749
0.0940941       0.751605
0.0950951       0.751461
0.0960961       0.751317
0.0970971       0.751173
0.0980981       0.751029
0.0990991       0.750885
0.1001          0.750741
0.101101        0.750597
0.102102        0.750453
0.103103        0.750309
0.104104        0.750165
0.105105        0.750021
0.106106        0.749877
0.107107        0.749733
0.108108        0.74959
0.109109        0.749446
0.11011         0.749302
0.111111        0.749159
0.112112        0.749015
0.113113        0.748871
0.114114        0.748728
0.115115        0.748584
0.116116        0.748441
0.117117        0.748297
0.118118        0.748154
0.119119        0.748011
0.12012         0.747867
0.121121        0.747724
0.122122        0.747581
0.123123        0.747437
0.124124        0.747294
0.125125        0.747151
0.126126        0.747008
0.127127        0.746865
0.128128        0.746722
0.129129        0.746579
0.13013         0.746436
0.131131        0.746293
0.132132        0.74615
0.133133        0.746007
0.134134        0.745864
0.135135        0.745721
0.136136        0.745579
0.137137        0.745436
0.138138        0.745293
0.139139        0.74515
0.14014         0.745008
0.141141        0.744865
0.142142        0.744723
0.143143        0.74458
0.144144        0.744438
0.145145        0.744295
0.146146        0.744153
0.147147        0.744011
0.148148        0.743868
0.149149        0.743726
0.15015         0.743584
0.151151        0.743442
0.152152        0.743299
0.153153        0.743157
0.154154        0.743015
0.155155        0.742873
0.156156        0.742731
0.157157        0.742589
0.158158        0.742447
0.159159        0.742306
0.16016         0.742164
0.161161        0.742022
0.162162        0.74188
0.163163        0.741739
0.164164        0.741597
0.165165        0.741455
0.166166        0.741314
0.167167        0.741172
0.168168        0.741031
0.169169        0.74089
0.17017         0.740748
0.171171        0.740607
0.172172        0.740466
0.173173        0.740324
0.174174        0.740183
0.175175        0.740042
0.176176        0.739901
0.177177        0.73976
0.178178        0.739619
0.179179        0.739478
0.18018         0.739337
0.181181        0.739196
0.182182        0.739056
0.183183        0.738915
0.184184        0.738774
0.185185        0.738634
0.186186        0.738493
0.187187        0.738353
0.188188        0.738212
0.189189        0.738072
0.19019         0.737931
0.191191        0.737791
0.192192        0.737651
0.193193        0.737511
0.194194        0.73737
0.195195        0.73723
0.196196        0.73709
0.197197        0.73695
0.198198        0.73681
0.199199        0.736671
0.2002          0.736531
0.201201        0.736391
0.202202        0.736251
0.203203        0.736112
0.204204        0.735972
0.205205        0.735833
0.206206        0.735693
0.207207        0.735554
0.208208        0.735414
0.209209        0.735275
0.21021         0.735136
0.211211        0.734997
0.212212        0.734858
0.213213        0.734719
0.214214        0.73458
0.215215        0.734441
0.216216        0.734302
0.217217        0.734163
0.218218        0.734024
0.219219        0.733886
0.22022         0.733747
0.221221        0.733608
0.222222        0.73347
0.223223        0.733332
0.224224        0.733193
0.225225        0.733055
0.226226        0.732917
0.227227        0.732779
0.228228        0.732641
0.229229        0.732503
0.23023         0.732365
0.231231        0.732227
0.232232        0.732089
0.233233        0.731951
0.234234        0.731814
0.235235        0.731676
0.236236        0.731538
0.237237        0.731401
0.238238        0.731264
0.239239        0.731126
0.24024         0.730989
0.241241        0.730852
0.242242        0.730715
0.243243        0.730578
0.244244        0.730441
0.245245        0.730304
0.246246        0.730167
0.247247        0.730031
0.248248        0.729894
0.249249        0.729758
0.25025         0.729621
0.251251        0.729485
0.252252        0.729349
0.253253        0.729212
0.254254        0.729076
0.255255        0.72894
0.256256        0.728804
0.257257        0.728668
0.258258        0.728533
0.259259        0.728397
0.26026         0.728261
0.261261        0.728126
0.262262        0.72799
0.263263        0.727855
0.264264        0.72772
0.265265        0.727585
0.266266        0.727449
0.267267        0.727315
0.268268        0.72718
0.269269        0.727045
0.27027         0.72691
0.271271        0.726775
0.272272        0.726641
0.273273        0.726507
0.274274        0.726372
0.275275        0.726238
0.276276        0.726104
0.277277        0.72597
0.278278        0.725836
0.279279        0.725702
0.28028         0.725568
0.281281        0.725435
0.282282        0.725301
0.283283        0.725168
0.284284        0.725034
0.285285        0.724901
0.286286        0.724768
0.287287        0.724635
0.288288        0.724502
0.289289        0.724369
0.29029         0.724236
0.291291        0.724104
0.292292        0.723971
0.293293        0.723839
0.294294        0.723707
0.295295        0.723575
0.296296        0.723443
0.297297        0.723311
0.298298        0.723179
0.299299        0.723047
0.3003          0.722916
0.301301        0.722784
0.302302        0.722653
0.303303        0.722522
0.304304        0.722391
0.305305        0.72226
0.306306        0.722129
0.307307        0.721998
0.308308        0.721868
0.309309        0.721737
0.31031         0.721607
0.311311        0.721477
0.312312        0.721347
0.313313        0.721217
0.314314        0.721087
0.315315        0.720957
0.316316        0.720828
0.317317        0.720698
0.318318        0.720569
0.319319        0.72044
0.32032         0.720311
0.321321        0.720182
0.322322        0.720054
0.323323        0.719925
0.324324        0.719797
0.325325        0.719669
0.326326        0.71954
0.327327        0.719412
0.328328        0.719285
0.329329        0.719157
0.33033         0.71903
0.331331        0.718902
0.332332        0.718775
0.333333        0.718648
0.334334        0.718521
0.335335        0.718395
0.336336        0.718268
0.337337        0.718142
0.338338        0.718015
0.339339        0.717889
0.34034         0.717764
0.341341        0.717638
0.342342        0.717512
0.343343        0.717387
0.344344        0.717262
0.345345        0.717137
0.346346        0.717012
0.347347        0.716887
0.348348        0.716763
0.349349        0.716639
0.35035         0.716515
0.351351        0.716391
0.352352        0.716267
0.353353        0.716144
0.354354        0.71602
0.355355        0.715897
0.356356        0.715774
0.357357        0.715652
0.358358        0.715529
0.359359        0.715407
0.36036         0.715285
0.361361        0.715163
0.362362        0.715041
0.363363        0.71492
0.364364        0.714798
0.365365        0.714677
0.366366        0.714557
0.367367        0.714436
0.368368        0.714316
0.369369        0.714196
0.37037         0.714076
0.371371        0.713956
0.372372        0.713837
0.373373        0.713717
0.374374        0.713598
0.375375        0.71348
0.376376        0.713361
0.377377        0.713243
0.378378        0.713125
0.379379        0.713007
0.38038         0.71289
0.381381        0.712773
0.382382        0.712656
0.383383        0.712539
0.384384        0.712422
0.385385        0.712306
0.386386        0.71219
0.387387        0.712075
0.388388        0.711959
0.389389        0.711844
0.39039         0.71173
0.391391        0.711615
0.392392        0.711501
0.393393        0.711387
0.394394        0.711274
0.395395        0.71116
0.396396        0.711047
0.397397        0.710935
0.398398        0.710822
0.399399        0.71071
0.4004          0.710598
0.401401        0.710487
0.402402        0.710376
0.403403        0.710265
0.404404        0.710155
0.405405        0.710045
0.406406        0.709935
0.407407        0.709826
0.408408        0.709717
0.409409        0.709608
0.41041         0.709499
0.411411        0.709392
0.412412        0.709284
0.413413        0.709177
0.414414        0.70907
0.415415        0.708963
0.416416        0.708857
0.417417        0.708752
0.418418        0.708646
0.419419        0.708541
0.42042         0.708437
0.421421        0.708333
0.422422        0.708229
0.423423        0.708126
0.424424        0.708023
0.425425        0.707921
0.426426        0.707819
0.427427        0.707717
0.428428        0.707616
0.429429        0.707515
0.43043         0.707415
0.431431        0.707315
0.432432        0.707216
0.433433        0.707117
0.434434        0.707019
0.435435        0.706921
0.436436        0.706824
0.437437        0.706727
0.438438        0.70663
0.439439        0.706535
0.44044         0.706439
0.441441        0.706344
0.442442        0.70625
0.443443        0.706156
0.444444        0.706063
0.445445        0.70597
0.446446        0.705878
0.447447        0.705787
0.448448        0.705696
0.449449        0.705605
0.45045         0.705515
0.451451        0.705426
0.452452        0.705337
0.453453        0.705249
0.454454        0.705162
0.455455        0.705075
0.456456        0.704989
0.457457        0.704903
0.458458        0.704818
0.459459        0.704734
0.46046         0.70465
0.461461        0.704567
0.462462        0.704484
0.463463        0.704402
0.464464        0.704321
0.465465        0.704241
0.466466        0.704161
0.467467        0.704082
0.468468        0.704004
0.469469        0.703926
0.47047         0.703849
0.471471        0.703773
0.472472        0.703698
0.473473        0.703623
0.474474        0.703549
0.475475        0.703476
0.476476        0.703403
0.477477        0.703331
0.478478        0.70326
0.479479        0.70319
0.48048         0.703121
0.481481        0.703052
0.482482        0.702984
0.483483        0.702917
0.484484        0.702851
0.485485        0.702786
0.486486        0.702721
0.487487        0.702657
0.488488        0.702594
0.489489        0.702532
0.49049         0.702471
0.491491        0.702411
0.492492        0.702351
0.493493        0.702292
0.494494        0.702234
0.495495        0.702177
0.496496        0.702121
0.497497        0.702066
0.498498        0.702011
0.499499        0.701958
0.500501        0.701905
0.501502        0.701853
0.502503        0.701802
0.503504        0.701752
0.504505        0.701703
0.505506        0.701655
0.506507        0.701607
0.507508        0.701561
0.508509        0.701515
0.50951         0.70147
0.510511        0.701426
0.511512        0.701383
0.512513        0.701341
0.513514        0.7013
0.514515        0.701259
0.515516        0.701219
0.516517        0.701181
0.517518        0.701143
0.518519        0.701106
0.51952         0.70107
0.520521        0.701034
0.521522        0.701
0.522523        0.700966
0.523524        0.700933
0.524525        0.700901
0.525526        0.70087
0.526527        0.700839
0.527528        0.70081
0.528529        0.700781
0.52953         0.700753
0.530531        0.700725
0.531532        0.700699
0.532533        0.700673
0.533534        0.700648
0.534535        0.700624
0.535536        0.7006
0.536537        0.700577
0.537538        0.700555
0.538539        0.700533
0.53954         0.700512
0.540541        0.700492
0.541542        0.700472
0.542543        0.700453
0.543544        0.700435
0.544545        0.700417
0.545546        0.7004
0.546547        0.700383
0.547548        0.700367
0.548549        0.700352
0.54955         0.700337
0.550551        0.700323
0.551552        0.700309
0.552553        0.700295
0.553554        0.700282
0.554555        0.70027
0.555556        0.700258
0.556557        0.700247
0.557558        0.700236
0.558559        0.700225
0.55956         0.700215
0.560561        0.700205
0.561562        0.700195
0.562563        0.700186
0.563564        0.700178
0.564565        0.700169
0.565566        0.700161
0.566567        0.700154
0.567568        0.700146
0.568569        0.700139
0.56957         0.700133
0.570571        0.700126
0.571572        0.70012
0.572573        0.700114
0.573574        0.700109
0.574575        0.700103
0.575576        0.700098
0.576577        0.700093
0.577578        0.700089
0.578579        0.700084
0.57958         0.70008
0.580581        0.700076
0.581582        0.700072
0.582583        0.700068
0.583584        0.700065
0.584585        0.700061
0.585586        0.700058
0.586587        0.700055
0.587588        0.700052
0.588589        0.700049
0.58959         0.700047
0.590591        0.700044
0.591592        0.700042
0.592593        0.70004
0.593594        0.700038
0.594595        0.700035
0.595596        0.700034
0.596597        0.700032
0.597598        0.70003
0.598599        0.700028
0.5996          0.700027
0.600601        0.700025
0.601602        0.700024
0.602603        0.700023
0.603604        0.700021
0.604605        0.70002
0.605606        0.700019
0.606607        0.700018
0.607608        0.700017
0.608609        0.700016
0.60961         0.700015
0.610611        0.700014
0.611612        0.700013
0.612613        0.700013
0.613614        0.700012
0.614615        0.700011
0.615616        0.70001
0.616617        0.70001
0.617618        0.700009
0.618619        0.700009
0.61962         0.700008
0.620621        0.700008
0.621622        0.700007
0.622623        0.700007
0.623624        0.700006
0.624625        0.700006
0.625626        0.700006
0.626627        0.700005
0.627628        0.700005
0.628629        0.700005
0.62963         0.700004
0.630631        0.700004
0.631632        0.700004
0.632633        0.700004
0.633634        0.700003
0.634635        0.700003
0.635636        0.700003
0.636637        0.700003
0.637638        0.700003
0.638639        0.700002
0.63964         0.700002
0.640641        0.700002
0.641642        0.700002
0.642643        0.700002
0.643644        0.700002
0.644645        0.700002
0.645646        0.700002
0.646647        0.700001
0.647648        0.700001
0.648649        0.700001
0.64965         0.700001
0.650651        0.700001
0.651652        0.700001
0.652653        0.700001
0.653654        0.700001
0.654655        0.700001
0.655656        0.700001
0.656657        0.700001
0.657658        0.700001
0.658659        0.700001
0.65966         0.700001
0.660661        0.700001
0.661662        0.700001
0.662663        0.7
0.663664        0.7
0.664665        0.7
0.665666        0.7
0.666667        0.7
0.667668        0.7
0.668669        0.7
0.66967         0.7
0.670671        0.7
0.671672        0.7
0.672673        0.7
0.673674        0.7
0.674675        0.7
0.675676        0.7
0.676677        0.7
0.677678        0.7
0.678679        0.7
0.67968         0.7
0.680681        0.7
0.681682        0.7
0.682683        0.7
0.683684        0.7
0.684685        0.7
0.685686        0.7
0.686687        0.7
0.687688        0.7
0.688689        0.7
0.68969         0.7
0.690691        0.7
0.691692        0.7
0.692693        0.7
0.693694        0.7
0.694695        0.7
0.695696        0.7
0.696697        0.7
0.697698        0.7
0.698699        0.7
0.6997          0.7
0.700701        0.7
0.701702        0.7
0.702703        0.7
0.703704        0.7
0.704705        0.7
0.705706        0.7
0.706707        0.7
0.707708        0.7
0.708709        0.7
0.70971         0.7
0.710711        0.7
0.711712        0.7
0.712713        0.7
0.713714        0.7
0.714715        0.7
0.715716        0.7
0.716717        0.7
0.717718        0.7
0.718719        0.7
0.71972         0.7
0.720721        0.7
0.721722        0.7
0.722723        0.7
0.723724        0.7
0.724725        0.7
0.725726        0.7
0.726727        0.7
0.727728        0.7
0.728729        0.7
0.72973         0.7
0.730731        0.7
0.731732        0.7
0.732733        0.7
0.733734        0.7
0.734735        0.7
0.735736        0.7
0.736737        0.7
0.737738        0.7
0.738739        0.7
0.73974         0.7
0.740741        0.7
0.741742        0.7
0.742743        0.7
0.743744        0.7
0.744745        0.7
0.745746        0.7
0.746747        0.7
0.747748        0.7
0.748749        0.7
0.74975         0.7
0.750751        0.7
0.751752        0.7
0.752753        0.7
0.753754        0.7
0.754755        0.7
0.755756        0.7
0.756757        0.7
0.757758        0.7
0.758759        0.7
0.75976         0.7
0.760761        0.7
0.761762        0.7
0.762763        0.7
0.763764        0.7
0.764765        0.7
0.765766        0.7
0.766767        0.7
0.767768        0.7
0.768769        0.7
0.76977         0.7
0.770771        0.7
0.771772        0.7
0.772773        0.7
0.773774        0.7
0.774775        0.7
0.775776        0.7
0.776777        0.7
0.777778        0.7
0.778779        0.7
0.77978         0.7
0.780781        0.7
0.781782        0.7
0.782783        0.7
0.783784        0.7
0.784785        0.7
0.785786        0.7
0.786787        0.7
0.787788        0.7
0.788789        0.7
0.78979         0.7
0.790791        0.7
0.791792        0.7
0.792793        0.7
0.793794        0.7
0.794795        0.7
0.795796        0.7
0.796797        0.7
0.797798        0.7
0.798799        0.7
0.7998          0.7
0.800801        0.7
0.801802        0.7
0.802803        0.7
0.803804        0.7
0.804805        0.7
0.805806        0.7
0.806807        0.7
0.807808        0.7
0.808809        0.7
0.80981         0.7
0.810811        0.7
0.811812        0.7
0.812813        0.7
0.813814        0.7
0.814815        0.7
0.815816        0.7
0.816817        0.7
0.817818        0.7
0.818819        0.7
0.81982         0.7
0.820821        0.7
0.821822        0.7
0.822823        0.7
0.823824        0.7
0.824825        0.7
0.825826        0.7
0.826827        0.7
0.827828        0.7
0.828829        0.7
0.82983         0.7
0.830831        0.7
0.831832        0.7
0.832833        0.7
0.833834        0.7
0.834835        0.7
0.835836        0.7
0.836837        0.7
0.837838        0.7
0.838839        0.7
0.83984         0.7
0.840841        0.700001
0.841842        0.700002
0.842843        0.700006
0.843844        0.700014
0.844845        0.700033
0.845846        0.700077
0.846847        0.700181
0.847848        0.700424
0.848849        0.700995
0.84985         0.702317
0.850851        0.70532
0.851852        0.711842
0.852853        0.724755
0.853854        0.746203
0.854855        0.772754
0.855856        0.793417
0.856857        0.799111
0.857858        0.7928
0.858859        0.784555
0.85986         0.780863
0.860861        0.781925
0.861862        0.784809
0.862863        0.786765
0.863864        0.786857
0.864865        0.785787
0.865866        0.784697
0.866867        0.78421
0.867868        0.784268
0.868869        0.784489
0.86987         0.784561
0.870871        0.784413
0.871872        0.784146
0.872873        0.78389
0.873874        0.783711
0.874875        0.783592
0.875876        0.783489
0.876877        0.783365
0.877878        0.783216
0.878879        0.783054
0.87988         0.782894
0.880881        0.782743
0.881882        0.782599
0.882883        0.782457
0.883884        0.782312
0.884885        0.782165
0.885886        0.782015
0.886887        0.781867
0.887888        0.781719
0.888889        0.781572
0.88989         0.781425
0.890891        0.781278
0.891892        0.78113
0.892893        0.780983
0.893894        0.780835
0.894895        0.780688
0.895896        0.78054
0.896897        0.780393
0.897898        0.780246
0.898899        0.780099
0.8999          0.779951
0.900901        0.779804
0.901902        0.779656
0.902903        0.779509
0.903904        0.779362
0.904905        0.779214
0.905906        0.779067
0.906907        0.77892
0.907908        0.778773
0.908909        0.778625
0.90991         0.778478
0.910911        0.778331
0.911912        0.778183
0.912913        0.778036
0.913914        0.777889
0.914915        0.777742
0.915916        0.777594
0.916917        0.777447
0.917918        0.7773
0.918919        0.777153
0.91992         0.777006
0.920921        0.776858
0.921922        0.776711
0.922923        0.776564
0.923924        0.776417
0.924925        0.77627
0.925926        0.776123
0.926927        0.775975
0.927928        0.775828
0.928929        0.775681
0.92993         0.775534
0.930931        0.775387
0.931932        0.77524
0.932933        0.775093
0.933934        0.774946
0.934935        0.774799
0.935936        0.774651
0.936937        0.774504
0.937938        0.774357
0.938939        0.77421
0.93994         0.774063
0.940941        0.773916
0.941942        0.773769
0.942943        0.773622
0.943944        0.773475
0.944945        0.773328
0.945946        0.773181
0.946947        0.773034
0.947948        0.772887
0.948949        0.772741
0.94995         0.772594
0.950951        0.772447
0.951952        0.7723
0.952953        0.772153
0.953954        0.772006
0.954955        0.771859
0.955956        0.771712
0.956957        0.771565
0.957958        0.771419
0.958959        0.771272
0.95996         0.771125
0.960961        0.770978
0.961962        0.770831
0.962963        0.770685
0.963964        0.770538
0.964965        0.770391
0.965966        0.770244
0.966967        0.770098
0.967968        0.769951
0.968969        0.769804
0.96997         0.769658
0.970971        0.769511
0.971972        0.769364
0.972973        0.769218
0.973974        0.769071
0.974975        0.768924
0.975976        0.768778
0.976977        0.768631
0.977978        0.768485
0.978979        0.768338
0.97998         0.768191
0.980981        0.768045
0.981982        0.767898
0.982983        0.767752
0.983984        0.767605
0.984985        0.767459
0.985986        0.767312
0.986987        0.767166
0.987988        0.76702
0.988989        0.766873
0.98999         0.766727
0.990991        0.76658
0.991992        0.766434
0.992993        0.766288
0.993994        0.766141
0.994995        0.765995
0.995996        0.765849
0.996997        0.765702
0.997998        0.765556
0.998999        0.76541
1               0.765263
