#====================================================
#t = 0.3     rho_bar = 0.7     Viscosity = 0.17
#====================================================
#x              rho
#====================================================
0               0.7
0.001001        0.7
0.002002        0.7
0.003003        0.7
0.004004        0.7
0.00500501      0.7
0.00600601      0.7
0.00700701      0.7
0.00800801      0.7
0.00900901      0.7
0.01001         0.7
0.011011        0.7
0.012012        0.7
0.013013        0.7
0.014014        0.7
0.015015        0.7
0.016016        0.7
0.017017        0.7
0.018018        0.7
0.019019        0.7
0.02002         0.7
0.021021        0.7
0.022022        0.7
0.023023        0.7
0.024024        0.700001
0.025025        0.700001
0.026026        0.700001
0.027027        0.700001
0.028028        0.700001
0.029029        0.700001
0.03003         0.700001
0.031031        0.700001
0.032032        0.700001
0.033033        0.700001
0.034034        0.700001
0.035035        0.700001
0.036036        0.700001
0.037037        0.700001
0.038038        0.700001
0.039039        0.700001
0.04004         0.700002
0.041041        0.700002
0.042042        0.700002
0.043043        0.700002
0.044044        0.700002
0.045045        0.700002
0.046046        0.700002
0.047047        0.700003
0.048048        0.700003
0.049049        0.700003
0.0500501       0.700003
0.0510511       0.700003
0.0520521       0.700003
0.0530531       0.700004
0.0540541       0.700004
0.0550551       0.700004
0.0560561       0.700005
0.0570571       0.700005
0.0580581       0.700005
0.0590591       0.700005
0.0600601       0.700006
0.0610611       0.700006
0.0620621       0.700007
0.0630631       0.700007
0.0640641       0.700008
0.0650651       0.700008
0.0660661       0.700009
0.0670671       0.700009
0.0680681       0.70001
0.0690691       0.70001
0.0700701       0.700011
0.0710711       0.700012
0.0720721       0.700012
0.0730731       0.700013
0.0740741       0.700014
0.0750751       0.700015
0.0760761       0.700016
0.0770771       0.700017
0.0780781       0.700018
0.0790791       0.700019
0.0800801       0.70002
0.0810811       0.700021
0.0820821       0.700023
0.0830831       0.700024
0.0840841       0.700025
0.0850851       0.700027
0.0860861       0.700029
0.0870871       0.70003
0.0880881       0.700032
0.0890891       0.700034
0.0900901       0.700036
0.0910911       0.700038
0.0920921       0.70004
0.0930931       0.700043
0.0940941       0.700045
0.0950951       0.700048
0.0960961       0.700051
0.0970971       0.700054
0.0980981       0.700057
0.0990991       0.70006
0.1001          0.700063
0.101101        0.700067
0.102102        0.700071
0.103103        0.700075
0.104104        0.700079
0.105105        0.700083
0.106106        0.700088
0.107107        0.700093
0.108108        0.700098
0.109109        0.700104
0.11011         0.700109
0.111111        0.700115
0.112112        0.700122
0.113113        0.700129
0.114114        0.700136
0.115115        0.700143
0.116116        0.700151
0.117117        0.700159
0.118118        0.700167
0.119119        0.700176
0.12012         0.700186
0.121121        0.700195
0.122122        0.700206
0.123123        0.700217
0.124124        0.700228
0.125125        0.70024
0.126126        0.700253
0.127127        0.700266
0.128128        0.700279
0.129129        0.700294
0.13013         0.700309
0.131131        0.700325
0.132132        0.700341
0.133133        0.700359
0.134134        0.700377
0.135135        0.700396
0.136136        0.700416
0.137137        0.700437
0.138138        0.700458
0.139139        0.700481
0.14014         0.700505
0.141141        0.70053
0.142142        0.700556
0.143143        0.700583
0.144144        0.700612
0.145145        0.700642
0.146146        0.700673
0.147147        0.700705
0.148148        0.700739
0.149149        0.700775
0.15015         0.700812
0.151151        0.70085
0.152152        0.700891
0.153153        0.700933
0.154154        0.700977
0.155155        0.701022
0.156156        0.70107
0.157157        0.70112
0.158158        0.701172
0.159159        0.701227
0.16016         0.701283
0.161161        0.701342
0.162162        0.701404
0.163163        0.701468
0.164164        0.701535
0.165165        0.701604
0.166166        0.701677
0.167167        0.701753
0.168168        0.701831
0.169169        0.701914
0.17017         0.701999
0.171171        0.702088
0.172172        0.702181
0.173173        0.702277
0.174174        0.702378
0.175175        0.702483
0.176176        0.702592
0.177177        0.702705
0.178178        0.702823
0.179179        0.702946
0.18018         0.703074
0.181181        0.703208
0.182182        0.703346
0.183183        0.703491
0.184184        0.703641
0.185185        0.703797
0.186186        0.70396
0.187187        0.704129
0.188188        0.704305
0.189189        0.704488
0.19019         0.704679
0.191191        0.704877
0.192192        0.705084
0.193193        0.705299
0.194194        0.705522
0.195195        0.705755
0.196196        0.705997
0.197197        0.70625
0.198198        0.706512
0.199199        0.706785
0.2002          0.70707
0.201201        0.707366
0.202202        0.707675
0.203203        0.707996
0.204204        0.708331
0.205205        0.70868
0.206206        0.709043
0.207207        0.709422
0.208208        0.709817
0.209209        0.710229
0.21021         0.710659
0.211211        0.711107
0.212212        0.711575
0.213213        0.712063
0.214214        0.712573
0.215215        0.713105
0.216216        0.713661
0.217217        0.714243
0.218218        0.714852
0.219219        0.715488
0.22022         0.716155
0.221221        0.716853
0.222222        0.717585
0.223223        0.718352
0.224224        0.719157
0.225225        0.720003
0.226226        0.720892
0.227227        0.721827
0.228228        0.722812
0.229229        0.72385
0.23023         0.724945
0.231231        0.726102
0.232232        0.727325
0.233233        0.72862
0.234234        0.729994
0.235235        0.731452
0.236236        0.733004
0.237237        0.734657
0.238238        0.736421
0.239239        0.738308
0.24024         0.740328
0.241241        0.742497
0.242242        0.744828
0.243243        0.747336
0.244244        0.75004
0.245245        0.752954
0.246246        0.756096
0.247247        0.759477
0.248248        0.763106
0.249249        0.766985
0.25025         0.771104
0.251251        0.77544
0.252252        0.779958
0.253253        0.784606
0.254254        0.789318
0.255255        0.794023
0.256256        0.798645
0.257257        0.803114
0.258258        0.807372
0.259259        0.811375
0.26026         0.815097
0.261261        0.818526
0.262262        0.821665
0.263263        0.824525
0.264264        0.827121
0.265265        0.829475
0.266266        0.831606
0.267267        0.833535
0.268268        0.83528
0.269269        0.83686
0.27027         0.838289
0.271271        0.839582
0.272272        0.840751
0.273273        0.841807
0.274274        0.84276
0.275275        0.843619
0.276276        0.844391
0.277277        0.845084
0.278278        0.845703
0.279279        0.846254
0.28028         0.846742
0.281281        0.847171
0.282282        0.847546
0.283283        0.84787
0.284284        0.848146
0.285285        0.848378
0.286286        0.848568
0.287287        0.848718
0.288288        0.848831
0.289289        0.848909
0.29029         0.848953
0.291291        0.848967
0.292292        0.848951
0.293293        0.848906
0.294294        0.848835
0.295295        0.848738
0.296296        0.848617
0.297297        0.848473
0.298298        0.848307
0.299299        0.848119
0.3003          0.847912
0.301301        0.847685
0.302302        0.84744
0.303303        0.847178
0.304304        0.846898
0.305305        0.846602
0.306306        0.846291
0.307307        0.845965
0.308308        0.845624
0.309309        0.845269
0.31031         0.844901
0.311311        0.844521
0.312312        0.844128
0.313313        0.843723
0.314314        0.843306
0.315315        0.842879
0.316316        0.842441
0.317317        0.841993
0.318318        0.841534
0.319319        0.841066
0.32032         0.840589
0.321321        0.840103
0.322322        0.839608
0.323323        0.839104
0.324324        0.838593
0.325325        0.838074
0.326326        0.837547
0.327327        0.837013
0.328328        0.836471
0.329329        0.835923
0.33033         0.835368
0.331331        0.834807
0.332332        0.834239
0.333333        0.833665
0.334334        0.833086
0.335335        0.8325
0.336336        0.831909
0.337337        0.831313
0.338338        0.830712
0.339339        0.830105
0.34034         0.829494
0.341341        0.828878
0.342342        0.828257
0.343343        0.827632
0.344344        0.827003
0.345345        0.826369
0.346346        0.825732
0.347347        0.82509
0.348348        0.824445
0.349349        0.823796
0.35035         0.823144
0.351351        0.822488
0.352352        0.821828
0.353353        0.821166
0.354354        0.8205
0.355355        0.819832
0.356356        0.81916
0.357357        0.818486
0.358358        0.817809
0.359359        0.817129
0.36036         0.816447
0.361361        0.815762
0.362362        0.815075
0.363363        0.814386
0.364364        0.813695
0.365365        0.813001
0.366366        0.812306
0.367367        0.811608
0.368368        0.810909
0.369369        0.810208
0.37037         0.809505
0.371371        0.808801
0.372372        0.808095
0.373373        0.807387
0.374374        0.806678
0.375375        0.805968
0.376376        0.805257
0.377377        0.804544
0.378378        0.80383
0.379379        0.803115
0.38038         0.802399
0.381381        0.801682
0.382382        0.800964
0.383383        0.800246
0.384384        0.799526
0.385385        0.798806
0.386386        0.798085
0.387387        0.797364
0.388388        0.796642
0.389389        0.79592
0.39039         0.795197
0.391391        0.794474
0.392392        0.79375
0.393393        0.793027
0.394394        0.792303
0.395395        0.791579
0.396396        0.790855
0.397397        0.790131
0.398398        0.789406
0.399399        0.788682
0.4004          0.787958
0.401401        0.787235
0.402402        0.786511
0.403403        0.785788
0.404404        0.785065
0.405405        0.784342
0.406406        0.78362
0.407407        0.782899
0.408408        0.782178
0.409409        0.781457
0.41041         0.780737
0.411411        0.780018
0.412412        0.779299
0.413413        0.778582
0.414414        0.777865
0.415415        0.777149
0.416416        0.776434
0.417417        0.77572
0.418418        0.775006
0.419419        0.774294
0.42042         0.773583
0.421421        0.772873
0.422422        0.772165
0.423423        0.771457
0.424424        0.770751
0.425425        0.770047
0.426426        0.769343
0.427427        0.768641
0.428428        0.767941
0.429429        0.767242
0.43043         0.766545
0.431431        0.765849
0.432432        0.765155
0.433433        0.764462
0.434434        0.763772
0.435435        0.763083
0.436436        0.762396
0.437437        0.761711
0.438438        0.761028
0.439439        0.760347
0.44044         0.759668
0.441441        0.758991
0.442442        0.758316
0.443443        0.757643
0.444444        0.756973
0.445445        0.756304
0.446446        0.755639
0.447447        0.754975
0.448448        0.754314
0.449449        0.753655
0.45045         0.752999
0.451451        0.752345
0.452452        0.751694
0.453453        0.751046
0.454454        0.7504
0.455455        0.749757
0.456456        0.749117
0.457457        0.74848
0.458458        0.747845
0.459459        0.747214
0.46046         0.746585
0.461461        0.74596
0.462462        0.745337
0.463463        0.744718
0.464464        0.744101
0.465465        0.743488
0.466466        0.742878
0.467467        0.742272
0.468468        0.741669
0.469469        0.741069
0.47047         0.740473
0.471471        0.73988
0.472472        0.73929
0.473473        0.738704
0.474474        0.738122
0.475475        0.737544
0.476476        0.736969
0.477477        0.736398
0.478478        0.735831
0.479479        0.735267
0.48048         0.734708
0.481481        0.734152
0.482482        0.7336
0.483483        0.733053
0.484484        0.732509
0.485485        0.73197
0.486486        0.731434
0.487487        0.730903
0.488488        0.730376
0.489489        0.729854
0.49049         0.729335
0.491491        0.728821
0.492492        0.728312
0.493493        0.727807
0.494494        0.727306
0.495495        0.72681
0.496496        0.726318
0.497497        0.725831
0.498498        0.725349
0.499499        0.724871
0.500501        0.724398
0.501502        0.72393
0.502503        0.723466
0.503504        0.723007
0.504505        0.722553
0.505506        0.722104
0.506507        0.72166
0.507508        0.721221
0.508509        0.720787
0.50951         0.720357
0.510511        0.719933
0.511512        0.719514
0.512513        0.719099
0.513514        0.71869
0.514515        0.718286
0.515516        0.717887
0.516517        0.717493
0.517518        0.717104
0.518519        0.716721
0.51952         0.716342
0.520521        0.715969
0.521522        0.715601
0.522523        0.715238
0.523524        0.714881
0.524525        0.714529
0.525526        0.714181
0.526527        0.71384
0.527528        0.713503
0.528529        0.713172
0.52953         0.712845
0.530531        0.712525
0.531532        0.712209
0.532533        0.711898
0.533534        0.711593
0.534535        0.711293
0.535536        0.710998
0.536537        0.710709
0.537538        0.710424
0.538539        0.710145
0.53954         0.709871
0.540541        0.709602
0.541542        0.709338
0.542543        0.709079
0.543544        0.708825
0.544545        0.708576
0.545546        0.708332
0.546547        0.708093
0.547548        0.707859
0.548549        0.70763
0.54955         0.707405
0.550551        0.707186
0.551552        0.706971
0.552553        0.706761
0.553554        0.706556
0.554555        0.706355
0.555556        0.706159
0.556557        0.705968
0.557558        0.705781
0.558559        0.705598
0.55956         0.70542
0.560561        0.705246
0.561562        0.705076
0.562563        0.704911
0.563564        0.70475
0.564565        0.704593
0.565566        0.70444
0.566567        0.704291
0.567568        0.704146
0.568569        0.704005
0.56957         0.703867
0.570571        0.703734
0.571572        0.703604
0.572573        0.703478
0.573574        0.703355
0.574575        0.703236
0.575576        0.70312
0.576577        0.703008
0.577578        0.702899
0.578579        0.702793
0.57958         0.702691
0.580581        0.702591
0.581582        0.702495
0.582583        0.702401
0.583584        0.702311
0.584585        0.702223
0.585586        0.702139
0.586587        0.702056
0.587588        0.701977
0.588589        0.7019
0.58959         0.701826
0.590591        0.701754
0.591592        0.701685
0.592593        0.701618
0.593594        0.701553
0.594595        0.70149
0.595596        0.70143
0.596597        0.701372
0.597598        0.701316
0.598599        0.701261
0.5996          0.701209
0.600601        0.701159
0.601602        0.70111
0.602603        0.701064
0.603604        0.701019
0.604605        0.700975
0.605606        0.700933
0.606607        0.700893
0.607608        0.700855
0.608609        0.700818
0.60961         0.700782
0.610611        0.700748
0.611612        0.700715
0.612613        0.700683
0.613614        0.700653
0.614615        0.700623
0.615616        0.700595
0.616617        0.700569
0.617618        0.700543
0.618619        0.700518
0.61962         0.700494
0.620621        0.700472
0.621622        0.70045
0.622623        0.700429
0.623624        0.700409
0.624625        0.70039
0.625626        0.700371
0.626627        0.700354
0.627628        0.700337
0.628629        0.700321
0.62963         0.700306
0.630631        0.700291
0.631632        0.700277
0.632633        0.700263
0.633634        0.700251
0.634635        0.700238
0.635636        0.700227
0.636637        0.700215
0.637638        0.700205
0.638639        0.700195
0.63964         0.700185
0.640641        0.700176
0.641642        0.700167
0.642643        0.700158
0.643644        0.70015
0.644645        0.700143
0.645646        0.700135
0.646647        0.700128
0.647648        0.700122
0.648649        0.700116
0.64965         0.70011
0.650651        0.700104
0.651652        0.700098
0.652653        0.700093
0.653654        0.700088
0.654655        0.700084
0.655656        0.700079
0.656657        0.700075
0.657658        0.700071
0.658659        0.700067
0.65966         0.700064
0.660661        0.70006
0.661662        0.700057
0.662663        0.700054
0.663664        0.700051
0.664665        0.700048
0.665666        0.700045
0.666667        0.700043
0.667668        0.700041
0.668669        0.700038
0.66967         0.700036
0.670671        0.700034
0.671672        0.700032
0.672673        0.70003
0.673674        0.700029
0.674675        0.700027
0.675676        0.700025
0.676677        0.700024
0.677678        0.700023
0.678679        0.700021
0.67968         0.70002
0.680681        0.700019
0.681682        0.700018
0.682683        0.700017
0.683684        0.700016
0.684685        0.700015
0.685686        0.700014
0.686687        0.700013
0.687688        0.700012
0.688689        0.700012
0.68969         0.700011
0.690691        0.70001
0.691692        0.70001
0.692693        0.700009
0.693694        0.700009
0.694695        0.700008
0.695696        0.700008
0.696697        0.700007
0.697698        0.700007
0.698699        0.700006
0.6997          0.700006
0.700701        0.700006
0.701702        0.700005
0.702703        0.700005
0.703704        0.700005
0.704705        0.700004
0.705706        0.700004
0.706707        0.700004
0.707708        0.700004
0.708709        0.700003
0.70971         0.700003
0.710711        0.700003
0.711712        0.700003
0.712713        0.700003
0.713714        0.700002
0.714715        0.700002
0.715716        0.700002
0.716717        0.700002
0.717718        0.700002
0.718719        0.700002
0.71972         0.700002
0.720721        0.700001
0.721722        0.700001
0.722723        0.700001
0.723724        0.700001
0.724725        0.700001
0.725726        0.700001
0.726727        0.700001
0.727728        0.700001
0.728729        0.700001
0.72973         0.700001
0.730731        0.700001
0.731732        0.700001
0.732733        0.700001
0.733734        0.700001
0.734735        0.700001
0.735736        0.700001
0.736737        0.7
0.737738        0.7
0.738739        0.7
0.73974         0.7
0.740741        0.7
0.741742        0.7
0.742743        0.7
0.743744        0.7
0.744745        0.7
0.745746        0.7
0.746747        0.7
0.747748        0.7
0.748749        0.7
0.74975         0.7
0.750751        0.7
0.751752        0.7
0.752753        0.7
0.753754        0.7
0.754755        0.7
0.755756        0.7
0.756757        0.7
0.757758        0.7
0.758759        0.7
0.75976         0.7
0.760761        0.7
0.761762        0.7
0.762763        0.7
0.763764        0.7
0.764765        0.7
0.765766        0.7
0.766767        0.7
0.767768        0.7
0.768769        0.7
0.76977         0.7
0.770771        0.7
0.771772        0.7
0.772773        0.7
0.773774        0.7
0.774775        0.7
0.775776        0.7
0.776777        0.7
0.777778        0.7
0.778779        0.7
0.77978         0.7
0.780781        0.7
0.781782        0.7
0.782783        0.7
0.783784        0.7
0.784785        0.7
0.785786        0.7
0.786787        0.7
0.787788        0.7
0.788789        0.7
0.78979         0.7
0.790791        0.7
0.791792        0.7
0.792793        0.7
0.793794        0.7
0.794795        0.7
0.795796        0.7
0.796797        0.7
0.797798        0.7
0.798799        0.7
0.7998          0.7
0.800801        0.7
0.801802        0.7
0.802803        0.7
0.803804        0.7
0.804805        0.7
0.805806        0.7
0.806807        0.7
0.807808        0.7
0.808809        0.7
0.80981         0.7
0.810811        0.7
0.811812        0.7
0.812813        0.7
0.813814        0.7
0.814815        0.7
0.815816        0.7
0.816817        0.7
0.817818        0.7
0.818819        0.7
0.81982         0.7
0.820821        0.7
0.821822        0.7
0.822823        0.7
0.823824        0.7
0.824825        0.7
0.825826        0.7
0.826827        0.7
0.827828        0.7
0.828829        0.7
0.82983         0.7
0.830831        0.7
0.831832        0.7
0.832833        0.7
0.833834        0.7
0.834835        0.7
0.835836        0.7
0.836837        0.7
0.837838        0.7
0.838839        0.7
0.83984         0.7
0.840841        0.7
0.841842        0.7
0.842843        0.7
0.843844        0.7
0.844845        0.7
0.845846        0.7
0.846847        0.7
0.847848        0.7
0.848849        0.7
0.84985         0.7
0.850851        0.7
0.851852        0.7
0.852853        0.7
0.853854        0.7
0.854855        0.7
0.855856        0.7
0.856857        0.7
0.857858        0.7
0.858859        0.7
0.85986         0.7
0.860861        0.7
0.861862        0.7
0.862863        0.7
0.863864        0.7
0.864865        0.7
0.865866        0.7
0.866867        0.7
0.867868        0.7
0.868869        0.7
0.86987         0.7
0.870871        0.7
0.871872        0.7
0.872873        0.7
0.873874        0.7
0.874875        0.7
0.875876        0.7
0.876877        0.7
0.877878        0.7
0.878879        0.7
0.87988         0.7
0.880881        0.7
0.881882        0.7
0.882883        0.7
0.883884        0.7
0.884885        0.7
0.885886        0.7
0.886887        0.7
0.887888        0.7
0.888889        0.7
0.88989         0.7
0.890891        0.7
0.891892        0.7
0.892893        0.7
0.893894        0.7
0.894895        0.7
0.895896        0.7
0.896897        0.7
0.897898        0.7
0.898899        0.7
0.8999          0.7
0.900901        0.7
0.901902        0.7
0.902903        0.7
0.903904        0.7
0.904905        0.7
0.905906        0.7
0.906907        0.7
0.907908        0.7
0.908909        0.7
0.90991         0.7
0.910911        0.7
0.911912        0.7
0.912913        0.7
0.913914        0.7
0.914915        0.7
0.915916        0.7
0.916917        0.7
0.917918        0.7
0.918919        0.7
0.91992         0.7
0.920921        0.7
0.921922        0.7
0.922923        0.7
0.923924        0.7
0.924925        0.7
0.925926        0.7
0.926927        0.7
0.927928        0.7
0.928929        0.7
0.92993         0.7
0.930931        0.7
0.931932        0.7
0.932933        0.7
0.933934        0.7
0.934935        0.7
0.935936        0.7
0.936937        0.7
0.937938        0.7
0.938939        0.7
0.93994         0.7
0.940941        0.7
0.941942        0.7
0.942943        0.7
0.943944        0.7
0.944945        0.7
0.945946        0.7
0.946947        0.7
0.947948        0.7
0.948949        0.7
0.94995         0.7
0.950951        0.7
0.951952        0.7
0.952953        0.7
0.953954        0.7
0.954955        0.7
0.955956        0.7
0.956957        0.7
0.957958        0.7
0.958959        0.7
0.95996         0.7
0.960961        0.7
0.961962        0.7
0.962963        0.7
0.963964        0.7
0.964965        0.7
0.965966        0.7
0.966967        0.7
0.967968        0.7
0.968969        0.7
0.96997         0.7
0.970971        0.7
0.971972        0.7
0.972973        0.7
0.973974        0.7
0.974975        0.7
0.975976        0.7
0.976977        0.7
0.977978        0.7
0.978979        0.7
0.97998         0.7
0.980981        0.7
0.981982        0.7
0.982983        0.7
0.983984        0.7
0.984985        0.7
0.985986        0.7
0.986987        0.7
0.987988        0.7
0.988989        0.7
0.98999         0.7
0.990991        0.7
0.991992        0.7
0.992993        0.7
0.993994        0.7
0.994995        0.7
0.995996        0.7
0.996997        0.7
0.997998        0.7
0.998999        0.7
1               0.7
