#====================================================
#   t = 3.5     rho_bar = 0.7     Viscosity = 0.1
#====================================================
#x              rho
#====================================================
0               0.731913
0.001001        0.731792
0.002002        0.731671
0.003003        0.73155
0.004004        0.73143
0.00500501      0.731309
0.00600601      0.731188
0.00700701      0.731068
0.00800801      0.730947
0.00900901      0.730827
0.01001         0.730706
0.011011        0.730586
0.012012        0.730465
0.013013        0.730345
0.014014        0.730225
0.015015        0.730105
0.016016        0.729985
0.017017        0.729865
0.018018        0.729744
0.019019        0.729625
0.02002         0.729505
0.021021        0.729385
0.022022        0.729265
0.023023        0.729145
0.024024        0.729026
0.025025        0.728906
0.026026        0.728786
0.027027        0.728667
0.028028        0.728547
0.029029        0.728428
0.03003         0.728309
0.031031        0.728189
0.032032        0.72807
0.033033        0.727951
0.034034        0.727832
0.035035        0.727713
0.036036        0.727594
0.037037        0.727475
0.038038        0.727356
0.039039        0.727237
0.04004         0.727119
0.041041        0.727
0.042042        0.726881
0.043043        0.726763
0.044044        0.726644
0.045045        0.726526
0.046046        0.726407
0.047047        0.726289
0.048048        0.726171
0.049049        0.726053
0.0500501       0.725935
0.0510511       0.725817
0.0520521       0.725699
0.0530531       0.725581
0.0540541       0.725463
0.0550551       0.725345
0.0560561       0.725228
0.0570571       0.72511
0.0580581       0.724993
0.0590591       0.724875
0.0600601       0.724758
0.0610611       0.72464
0.0620621       0.724523
0.0630631       0.724406
0.0640641       0.724289
0.0650651       0.724172
0.0660661       0.724055
0.0670671       0.723938
0.0680681       0.723821
0.0690691       0.723705
0.0700701       0.723588
0.0710711       0.723472
0.0720721       0.723355
0.0730731       0.723239
0.0740741       0.723122
0.0750751       0.723006
0.0760761       0.72289
0.0770771       0.722774
0.0780781       0.722658
0.0790791       0.722542
0.0800801       0.722426
0.0810811       0.722311
0.0820821       0.722195
0.0830831       0.722079
0.0840841       0.721964
0.0850851       0.721849
0.0860861       0.721733
0.0870871       0.721618
0.0880881       0.721503
0.0890891       0.721388
0.0900901       0.721273
0.0910911       0.721158
0.0920921       0.721044
0.0930931       0.720929
0.0940941       0.720814
0.0950951       0.7207
0.0960961       0.720586
0.0970971       0.720471
0.0980981       0.720357
0.0990991       0.720243
0.1001          0.720129
0.101101        0.720015
0.102102        0.719901
0.103103        0.719788
0.104104        0.719674
0.105105        0.719561
0.106106        0.719447
0.107107        0.719334
0.108108        0.719221
0.109109        0.719108
0.11011         0.718995
0.111111        0.718882
0.112112        0.71877
0.113113        0.718657
0.114114        0.718544
0.115115        0.718432
0.116116        0.71832
0.117117        0.718208
0.118118        0.718096
0.119119        0.717984
0.12012         0.717872
0.121121        0.71776
0.122122        0.717649
0.123123        0.717537
0.124124        0.717426
0.125125        0.717315
0.126126        0.717204
0.127127        0.717093
0.128128        0.716982
0.129129        0.716871
0.13013         0.716761
0.131131        0.71665
0.132132        0.71654
0.133133        0.71643
0.134134        0.71632
0.135135        0.71621
0.136136        0.7161
0.137137        0.715991
0.138138        0.715881
0.139139        0.715772
0.14014         0.715663
0.141141        0.715554
0.142142        0.715445
0.143143        0.715336
0.144144        0.715227
0.145145        0.715119
0.146146        0.71501
0.147147        0.714902
0.148148        0.714794
0.149149        0.714686
0.15015         0.714579
0.151151        0.714471
0.152152        0.714364
0.153153        0.714257
0.154154        0.71415
0.155155        0.714043
0.156156        0.713936
0.157157        0.713829
0.158158        0.713723
0.159159        0.713617
0.16016         0.713511
0.161161        0.713405
0.162162        0.713299
0.163163        0.713194
0.164164        0.713088
0.165165        0.712983
0.166166        0.712878
0.167167        0.712773
0.168168        0.712669
0.169169        0.712564
0.17017         0.71246
0.171171        0.712356
0.172172        0.712252
0.173173        0.712149
0.174174        0.712045
0.175175        0.711942
0.176176        0.711839
0.177177        0.711736
0.178178        0.711633
0.179179        0.711531
0.18018         0.711429
0.181181        0.711327
0.182182        0.711225
0.183183        0.711123
0.184184        0.711022
0.185185        0.710921
0.186186        0.71082
0.187187        0.71072
0.188188        0.710619
0.189189        0.710519
0.19019         0.710419
0.191191        0.710319
0.192192        0.71022
0.193193        0.710121
0.194194        0.710022
0.195195        0.709923
0.196196        0.709825
0.197197        0.709726
0.198198        0.709628
0.199199        0.709531
0.2002          0.709433
0.201201        0.709336
0.202202        0.709239
0.203203        0.709143
0.204204        0.709046
0.205205        0.70895
0.206206        0.708855
0.207207        0.708759
0.208208        0.708664
0.209209        0.708569
0.21021         0.708475
0.211211        0.70838
0.212212        0.708286
0.213213        0.708193
0.214214        0.708099
0.215215        0.708006
0.216216        0.707914
0.217217        0.707821
0.218218        0.707729
0.219219        0.707637
0.22022         0.707546
0.221221        0.707455
0.222222        0.707364
0.223223        0.707274
0.224224        0.707184
0.225225        0.707094
0.226226        0.707005
0.227227        0.706916
0.228228        0.706828
0.229229        0.706739
0.23023         0.706652
0.231231        0.706564
0.232232        0.706477
0.233233        0.706391
0.234234        0.706304
0.235235        0.706219
0.236236        0.706133
0.237237        0.706048
0.238238        0.705964
0.239239        0.705879
0.24024         0.705796
0.241241        0.705712
0.242242        0.70563
0.243243        0.705547
0.244244        0.705465
0.245245        0.705384
0.246246        0.705303
0.247247        0.705222
0.248248        0.705142
0.249249        0.705062
0.25025         0.704983
0.251251        0.704905
0.252252        0.704826
0.253253        0.704749
0.254254        0.704672
0.255255        0.704595
0.256256        0.704519
0.257257        0.704443
0.258258        0.704368
0.259259        0.704293
0.26026         0.704219
0.261261        0.704146
0.262262        0.704073
0.263263        0.704001
0.264264        0.703929
0.265265        0.703858
0.266266        0.703787
0.267267        0.703717
0.268268        0.703648
0.269269        0.703579
0.27027         0.70351
0.271271        0.703443
0.272272        0.703376
0.273273        0.703309
0.274274        0.703243
0.275275        0.703178
0.276276        0.703114
0.277277        0.70305
0.278278        0.702987
0.279279        0.702924
0.28028         0.702862
0.281281        0.702801
0.282282        0.70274
0.283283        0.70268
0.284284        0.702621
0.285285        0.702563
0.286286        0.702505
0.287287        0.702448
0.288288        0.702391
0.289289        0.702335
0.29029         0.70228
0.291291        0.702226
0.292292        0.702173
0.293293        0.70212
0.294294        0.702068
0.295295        0.702016
0.296296        0.701965
0.297297        0.701916
0.298298        0.701866
0.299299        0.701818
0.3003          0.70177
0.301301        0.701723
0.302302        0.701677
0.303303        0.701632
0.304304        0.701587
0.305305        0.701543
0.306306        0.7015
0.307307        0.701458
0.308308        0.701416
0.309309        0.701375
0.31031         0.701335
0.311311        0.701296
0.312312        0.701257
0.313313        0.70122
0.314314        0.701182
0.315315        0.701146
0.316316        0.701111
0.317317        0.701076
0.318318        0.701042
0.319319        0.701009
0.32032         0.700976
0.321321        0.700944
0.322322        0.700913
0.323323        0.700883
0.324324        0.700853
0.325325        0.700824
0.326326        0.700796
0.327327        0.700768
0.328328        0.700742
0.329329        0.700715
0.33033         0.70069
0.331331        0.700665
0.332332        0.700641
0.333333        0.700618
0.334334        0.700595
0.335335        0.700573
0.336336        0.700551
0.337337        0.70053
0.338338        0.70051
0.339339        0.70049
0.34034         0.700471
0.341341        0.700453
0.342342        0.700435
0.343343        0.700418
0.344344        0.700401
0.345345        0.700385
0.346346        0.700369
0.347347        0.700354
0.348348        0.700339
0.349349        0.700325
0.35035         0.700311
0.351351        0.700298
0.352352        0.700285
0.353353        0.700273
0.354354        0.700261
0.355355        0.70025
0.356356        0.700239
0.357357        0.700228
0.358358        0.700218
0.359359        0.700208
0.36036         0.700199
0.361361        0.70019
0.362362        0.700181
0.363363        0.700173
0.364364        0.700165
0.365365        0.700157
0.366366        0.70015
0.367367        0.700143
0.368368        0.700136
0.369369        0.700129
0.37037         0.700123
0.371371        0.700117
0.372372        0.700112
0.373373        0.700106
0.374374        0.700101
0.375375        0.700096
0.376376        0.700091
0.377377        0.700087
0.378378        0.700082
0.379379        0.700078
0.38038         0.700074
0.381381        0.70007
0.382382        0.700067
0.383383        0.700063
0.384384        0.70006
0.385385        0.700057
0.386386        0.700054
0.387387        0.700051
0.388388        0.700049
0.389389        0.700046
0.39039         0.700044
0.391391        0.700041
0.392392        0.700039
0.393393        0.700037
0.394394        0.700035
0.395395        0.700033
0.396396        0.700031
0.397397        0.70003
0.398398        0.700028
0.399399        0.700026
0.4004          0.700025
0.401401        0.700024
0.402402        0.700022
0.403403        0.700021
0.404404        0.70002
0.405405        0.700019
0.406406        0.700018
0.407407        0.700017
0.408408        0.700016
0.409409        0.700015
0.41041         0.700014
0.411411        0.700013
0.412412        0.700012
0.413413        0.700012
0.414414        0.700011
0.415415        0.70001
0.416416        0.70001
0.417417        0.700009
0.418418        0.700009
0.419419        0.700008
0.42042         0.700008
0.421421        0.700007
0.422422        0.700007
0.423423        0.700006
0.424424        0.700006
0.425425        0.700006
0.426426        0.700005
0.427427        0.700005
0.428428        0.700005
0.429429        0.700004
0.43043         0.700004
0.431431        0.700004
0.432432        0.700004
0.433433        0.700003
0.434434        0.700003
0.435435        0.700003
0.436436        0.700003
0.437437        0.700003
0.438438        0.700002
0.439439        0.700002
0.44044         0.700002
0.441441        0.700002
0.442442        0.700002
0.443443        0.700002
0.444444        0.700002
0.445445        0.700002
0.446446        0.700001
0.447447        0.700001
0.448448        0.700001
0.449449        0.700001
0.45045         0.700001
0.451451        0.700001
0.452452        0.700001
0.453453        0.700001
0.454454        0.700001
0.455455        0.700001
0.456456        0.700001
0.457457        0.700001
0.458458        0.700001
0.459459        0.700001
0.46046         0.700001
0.461461        0.700001
0.462462        0.7
0.463463        0.7
0.464464        0.7
0.465465        0.7
0.466466        0.7
0.467467        0.7
0.468468        0.7
0.469469        0.7
0.47047         0.7
0.471471        0.7
0.472472        0.7
0.473473        0.7
0.474474        0.7
0.475475        0.7
0.476476        0.7
0.477477        0.7
0.478478        0.7
0.479479        0.7
0.48048         0.7
0.481481        0.7
0.482482        0.7
0.483483        0.7
0.484484        0.7
0.485485        0.7
0.486486        0.7
0.487487        0.7
0.488488        0.7
0.489489        0.7
0.49049         0.7
0.491491        0.7
0.492492        0.7
0.493493        0.7
0.494494        0.7
0.495495        0.7
0.496496        0.7
0.497497        0.7
0.498498        0.7
0.499499        0.7
0.500501        0.7
0.501502        0.7
0.502503        0.7
0.503504        0.7
0.504505        0.7
0.505506        0.7
0.506507        0.7
0.507508        0.7
0.508509        0.7
0.50951         0.7
0.510511        0.7
0.511512        0.7
0.512513        0.7
0.513514        0.7
0.514515        0.7
0.515516        0.7
0.516517        0.7
0.517518        0.7
0.518519        0.7
0.51952         0.7
0.520521        0.7
0.521522        0.7
0.522523        0.7
0.523524        0.7
0.524525        0.7
0.525526        0.7
0.526527        0.7
0.527528        0.7
0.528529        0.7
0.52953         0.7
0.530531        0.7
0.531532        0.7
0.532533        0.7
0.533534        0.7
0.534535        0.7
0.535536        0.7
0.536537        0.7
0.537538        0.7
0.538539        0.7
0.53954         0.7
0.540541        0.7
0.541542        0.7
0.542543        0.7
0.543544        0.7
0.544545        0.7
0.545546        0.7
0.546547        0.7
0.547548        0.7
0.548549        0.7
0.54955         0.7
0.550551        0.7
0.551552        0.7
0.552553        0.7
0.553554        0.7
0.554555        0.7
0.555556        0.7
0.556557        0.7
0.557558        0.7
0.558559        0.7
0.55956         0.7
0.560561        0.7
0.561562        0.7
0.562563        0.7
0.563564        0.7
0.564565        0.7
0.565566        0.7
0.566567        0.7
0.567568        0.7
0.568569        0.7
0.56957         0.7
0.570571        0.7
0.571572        0.7
0.572573        0.7
0.573574        0.7
0.574575        0.7
0.575576        0.7
0.576577        0.7
0.577578        0.7
0.578579        0.7
0.57958         0.7
0.580581        0.7
0.581582        0.7
0.582583        0.7
0.583584        0.7
0.584585        0.7
0.585586        0.7
0.586587        0.7
0.587588        0.7
0.588589        0.7
0.58959         0.7
0.590591        0.7
0.591592        0.7
0.592593        0.7
0.593594        0.7
0.594595        0.7
0.595596        0.7
0.596597        0.700001
0.597598        0.700002
0.598599        0.700004
0.5996          0.70001
0.600601        0.700023
0.601602        0.700053
0.602603        0.70012
0.603604        0.700272
0.604605        0.700618
0.605606        0.701395
0.606607        0.703125
0.607608        0.70687
0.608609        0.714546
0.60961         0.728655
0.610611        0.749992
0.611612        0.773547
0.612613        0.789287
0.613614        0.791601
0.614615        0.785131
0.615616        0.778362
0.616617        0.775765
0.617618        0.776926
0.618619        0.779346
0.61962         0.780904
0.620621        0.780955
0.621622        0.780083
0.622623        0.779181
0.623624        0.778744
0.624625        0.778748
0.625626        0.778908
0.626627        0.778976
0.627628        0.778874
0.628629        0.778664
0.62963         0.778446
0.630631        0.778279
0.631632        0.778162
0.632633        0.778066
0.633634        0.777961
0.634635        0.777838
0.635636        0.777701
0.636637        0.777563
0.637638        0.777429
0.638639        0.777302
0.63964         0.777177
0.640641        0.777052
0.641642        0.776924
0.642643        0.776795
0.643644        0.776666
0.644645        0.776537
0.645646        0.776409
0.646647        0.776281
0.647648        0.776153
0.648649        0.776025
0.64965         0.775897
0.650651        0.775769
0.651652        0.77564
0.652653        0.775512
0.653654        0.775384
0.654655        0.775256
0.655656        0.775128
0.656657        0.775
0.657658        0.774872
0.658659        0.774743
0.65966         0.774615
0.660661        0.774487
0.661662        0.774359
0.662663        0.774231
0.663664        0.774103
0.664665        0.773975
0.665666        0.773847
0.666667        0.773719
0.667668        0.773591
0.668669        0.773463
0.66967         0.773335
0.670671        0.773207
0.671672        0.773079
0.672673        0.772951
0.673674        0.772823
0.674675        0.772695
0.675676        0.772567
0.676677        0.772439
0.677678        0.772311
0.678679        0.772183
0.67968         0.772055
0.680681        0.771927
0.681682        0.771799
0.682683        0.771671
0.683684        0.771543
0.684685        0.771415
0.685686        0.771287
0.686687        0.771159
0.687688        0.771031
0.688689        0.770903
0.68969         0.770775
0.690691        0.770647
0.691692        0.77052
0.692693        0.770392
0.693694        0.770264
0.694695        0.770136
0.695696        0.770008
0.696697        0.76988
0.697698        0.769752
0.698699        0.769625
0.6997          0.769497
0.700701        0.769369
0.701702        0.769241
0.702703        0.769113
0.703704        0.768986
0.704705        0.768858
0.705706        0.76873
0.706707        0.768602
0.707708        0.768475
0.708709        0.768347
0.70971         0.768219
0.710711        0.768091
0.711712        0.767964
0.712713        0.767836
0.713714        0.767708
0.714715        0.767581
0.715716        0.767453
0.716717        0.767325
0.717718        0.767198
0.718719        0.76707
0.71972         0.766943
0.720721        0.766815
0.721722        0.766687
0.722723        0.76656
0.723724        0.766432
0.724725        0.766305
0.725726        0.766177
0.726727        0.766049
0.727728        0.765922
0.728729        0.765794
0.72973         0.765667
0.730731        0.765539
0.731732        0.765412
0.732733        0.765284
0.733734        0.765157
0.734735        0.765029
0.735736        0.764902
0.736737        0.764774
0.737738        0.764647
0.738739        0.76452
0.73974         0.764392
0.740741        0.764265
0.741742        0.764137
0.742743        0.76401
0.743744        0.763883
0.744745        0.763755
0.745746        0.763628
0.746747        0.763501
0.747748        0.763373
0.748749        0.763246
0.74975         0.763119
0.750751        0.762991
0.751752        0.762864
0.752753        0.762737
0.753754        0.762609
0.754755        0.762482
0.755756        0.762355
0.756757        0.762228
0.757758        0.762101
0.758759        0.761973
0.75976         0.761846
0.760761        0.761719
0.761762        0.761592
0.762763        0.761465
0.763764        0.761338
0.764765        0.76121
0.765766        0.761083
0.766767        0.760956
0.767768        0.760829
0.768769        0.760702
0.76977         0.760575
0.770771        0.760448
0.771772        0.760321
0.772773        0.760194
0.773774        0.760067
0.774775        0.75994
0.775776        0.759813
0.776777        0.759686
0.777778        0.759559
0.778779        0.759432
0.77978         0.759305
0.780781        0.759178
0.781782        0.759052
0.782783        0.758925
0.783784        0.758798
0.784785        0.758671
0.785786        0.758544
0.786787        0.758417
0.787788        0.75829
0.788789        0.758164
0.78979         0.758037
0.790791        0.75791
0.791792        0.757783
0.792793        0.757657
0.793794        0.75753
0.794795        0.757403
0.795796        0.757277
0.796797        0.75715
0.797798        0.757023
0.798799        0.756897
0.7998          0.75677
0.800801        0.756643
0.801802        0.756517
0.802803        0.75639
0.803804        0.756264
0.804805        0.756137
0.805806        0.756011
0.806807        0.755884
0.807808        0.755758
0.808809        0.755631
0.80981         0.755505
0.810811        0.755378
0.811812        0.755252
0.812813        0.755125
0.813814        0.754999
0.814815        0.754873
0.815816        0.754746
0.816817        0.75462
0.817818        0.754494
0.818819        0.754367
0.81982         0.754241
0.820821        0.754115
0.821822        0.753988
0.822823        0.753862
0.823824        0.753736
0.824825        0.75361
0.825826        0.753484
0.826827        0.753357
0.827828        0.753231
0.828829        0.753105
0.82983         0.752979
0.830831        0.752853
0.831832        0.752727
0.832833        0.752601
0.833834        0.752475
0.834835        0.752349
0.835836        0.752223
0.836837        0.752097
0.837838        0.751971
0.838839        0.751845
0.83984         0.751719
0.840841        0.751593
0.841842        0.751467
0.842843        0.751341
0.843844        0.751215
0.844845        0.75109
0.845846        0.750964
0.846847        0.750838
0.847848        0.750712
0.848849        0.750587
0.84985         0.750461
0.850851        0.750335
0.851852        0.750209
0.852853        0.750084
0.853854        0.749958
0.854855        0.749832
0.855856        0.749707
0.856857        0.749581
0.857858        0.749456
0.858859        0.74933
0.85986         0.749205
0.860861        0.749079
0.861862        0.748954
0.862863        0.748828
0.863864        0.748703
0.864865        0.748577
0.865866        0.748452
0.866867        0.748327
0.867868        0.748201
0.868869        0.748076
0.86987         0.747951
0.870871        0.747825
0.871872        0.7477
0.872873        0.747575
0.873874        0.74745
0.874875        0.747325
0.875876        0.747199
0.876877        0.747074
0.877878        0.746949
0.878879        0.746824
0.87988         0.746699
0.880881        0.746574
0.881882        0.746449
0.882883        0.746324
0.883884        0.746199
0.884885        0.746074
0.885886        0.745949
0.886887        0.745824
0.887888        0.745699
0.888889        0.745575
0.88989         0.74545
0.890891        0.745325
0.891892        0.7452
0.892893        0.745076
0.893894        0.744951
0.894895        0.744826
0.895896        0.744701
0.896897        0.744577
0.897898        0.744452
0.898899        0.744328
0.8999          0.744203
0.900901        0.744079
0.901902        0.743954
0.902903        0.74383
0.903904        0.743705
0.904905        0.743581
0.905906        0.743456
0.906907        0.743332
0.907908        0.743208
0.908909        0.743083
0.90991         0.742959
0.910911        0.742835
0.911912        0.742711
0.912913        0.742586
0.913914        0.742462
0.914915        0.742338
0.915916        0.742214
0.916917        0.74209
0.917918        0.741966
0.918919        0.741842
0.91992         0.741718
0.920921        0.741594
0.921922        0.74147
0.922923        0.741346
0.923924        0.741222
0.924925        0.741098
0.925926        0.740975
0.926927        0.740851
0.927928        0.740727
0.928929        0.740603
0.92993         0.74048
0.930931        0.740356
0.931932        0.740232
0.932933        0.740109
0.933934        0.739985
0.934935        0.739862
0.935936        0.739738
0.936937        0.739615
0.937938        0.739491
0.938939        0.739368
0.93994         0.739245
0.940941        0.739121
0.941942        0.738998
0.942943        0.738875
0.943944        0.738752
0.944945        0.738628
0.945946        0.738505
0.946947        0.738382
0.947948        0.738259
0.948949        0.738136
0.94995         0.738013
0.950951        0.73789
0.951952        0.737767
0.952953        0.737644
0.953954        0.737521
0.954955        0.737399
0.955956        0.737276
0.956957        0.737153
0.957958        0.73703
0.958959        0.736908
0.95996         0.736785
0.960961        0.736662
0.961962        0.73654
0.962963        0.736417
0.963964        0.736295
0.964965        0.736172
0.965966        0.73605
0.966967        0.735928
0.967968        0.735805
0.968969        0.735683
0.96997         0.735561
0.970971        0.735438
0.971972        0.735316
0.972973        0.735194
0.973974        0.735072
0.974975        0.73495
0.975976        0.734828
0.976977        0.734706
0.977978        0.734584
0.978979        0.734462
0.97998         0.73434
0.980981        0.734219
0.981982        0.734097
0.982983        0.733975
0.983984        0.733853
0.984985        0.733732
0.985986        0.73361
0.986987        0.733489
0.987988        0.733367
0.988989        0.733246
0.98999         0.733124
0.990991        0.733003
0.991992        0.732882
0.992993        0.73276
0.993994        0.732639
0.994995        0.732518
0.995996        0.732397
0.996997        0.732276
0.997998        0.732155
0.998999        0.732034
1               0.731913
