#====================================================
#t = 0.9     rho_bar = 0.7     Viscosity = 0.17
#====================================================
#x              rho
#====================================================
0               0.809121
0.001001        0.80874
0.002002        0.808358
0.003003        0.807976
0.004004        0.807594
0.00500501      0.807212
0.00600601      0.80683
0.00700701      0.806447
0.00800801      0.806064
0.00900901      0.805681
0.01001         0.805298
0.011011        0.804914
0.012012        0.804531
0.013013        0.804147
0.014014        0.803763
0.015015        0.803378
0.016016        0.802994
0.017017        0.802609
0.018018        0.802225
0.019019        0.80184
0.02002         0.801455
0.021021        0.801069
0.022022        0.800684
0.023023        0.800299
0.024024        0.799913
0.025025        0.799527
0.026026        0.799141
0.027027        0.798755
0.028028        0.798369
0.029029        0.797983
0.03003         0.797597
0.031031        0.797211
0.032032        0.796824
0.033033        0.796438
0.034034        0.796051
0.035035        0.795665
0.036036        0.795278
0.037037        0.794891
0.038038        0.794504
0.039039        0.794117
0.04004         0.79373
0.041041        0.793343
0.042042        0.792956
0.043043        0.792569
0.044044        0.792182
0.045045        0.791795
0.046046        0.791408
0.047047        0.791021
0.048048        0.790634
0.049049        0.790247
0.0500501       0.789859
0.0510511       0.789472
0.0520521       0.789085
0.0530531       0.788698
0.0540541       0.788311
0.0550551       0.787924
0.0560561       0.787537
0.0570571       0.78715
0.0580581       0.786763
0.0590591       0.786376
0.0600601       0.785989
0.0610611       0.785602
0.0620621       0.785215
0.0630631       0.784828
0.0640641       0.784441
0.0650651       0.784055
0.0660661       0.783668
0.0670671       0.783282
0.0680681       0.782895
0.0690691       0.782509
0.0700701       0.782122
0.0710711       0.781736
0.0720721       0.78135
0.0730731       0.780964
0.0740741       0.780578
0.0750751       0.780192
0.0760761       0.779807
0.0770771       0.779421
0.0780781       0.779036
0.0790791       0.77865
0.0800801       0.778265
0.0810811       0.77788
0.0820821       0.777495
0.0830831       0.77711
0.0840841       0.776725
0.0850851       0.776341
0.0860861       0.775956
0.0870871       0.775572
0.0880881       0.775188
0.0890891       0.774804
0.0900901       0.77442
0.0910911       0.774037
0.0920921       0.773653
0.0930931       0.77327
0.0940941       0.772887
0.0950951       0.772504
0.0960961       0.772122
0.0970971       0.771739
0.0980981       0.771357
0.0990991       0.770975
0.1001          0.770593
0.101101        0.770211
0.102102        0.76983
0.103103        0.769449
0.104104        0.769068
0.105105        0.768687
0.106106        0.768307
0.107107        0.767926
0.108108        0.767546
0.109109        0.767167
0.11011         0.766787
0.111111        0.766408
0.112112        0.766029
0.113113        0.76565
0.114114        0.765272
0.115115        0.764894
0.116116        0.764516
0.117117        0.764138
0.118118        0.763761
0.119119        0.763384
0.12012         0.763007
0.121121        0.762631
0.122122        0.762255
0.123123        0.761879
0.124124        0.761503
0.125125        0.761128
0.126126        0.760754
0.127127        0.760379
0.128128        0.760005
0.129129        0.759631
0.13013         0.759258
0.131131        0.758885
0.132132        0.758512
0.133133        0.75814
0.134134        0.757768
0.135135        0.757396
0.136136        0.757025
0.137137        0.756654
0.138138        0.756284
0.139139        0.755914
0.14014         0.755544
0.141141        0.755175
0.142142        0.754806
0.143143        0.754438
0.144144        0.75407
0.145145        0.753702
0.146146        0.753335
0.147147        0.752969
0.148148        0.752602
0.149149        0.752237
0.15015         0.751871
0.151151        0.751507
0.152152        0.751142
0.153153        0.750779
0.154154        0.750415
0.155155        0.750052
0.156156        0.74969
0.157157        0.749328
0.158158        0.748967
0.159159        0.748606
0.16016         0.748246
0.161161        0.747886
0.162162        0.747527
0.163163        0.747168
0.164164        0.74681
0.165165        0.746452
0.166166        0.746095
0.167167        0.745739
0.168168        0.745383
0.169169        0.745028
0.17017         0.744673
0.171171        0.744319
0.172172        0.743966
0.173173        0.743613
0.174174        0.743261
0.175175        0.742909
0.176176        0.742558
0.177177        0.742208
0.178178        0.741858
0.179179        0.741509
0.18018         0.741161
0.181181        0.740813
0.182182        0.740466
0.183183        0.74012
0.184184        0.739774
0.185185        0.73943
0.186186        0.739086
0.187187        0.738742
0.188188        0.7384
0.189189        0.738058
0.19019         0.737717
0.191191        0.737376
0.192192        0.737037
0.193193        0.736698
0.194194        0.73636
0.195195        0.736023
0.196196        0.735686
0.197197        0.735351
0.198198        0.735016
0.199199        0.734682
0.2002          0.734349
0.201201        0.734017
0.202202        0.733685
0.203203        0.733355
0.204204        0.733025
0.205205        0.732697
0.206206        0.732369
0.207207        0.732042
0.208208        0.731716
0.209209        0.731392
0.21021         0.731068
0.211211        0.730745
0.212212        0.730423
0.213213        0.730102
0.214214        0.729782
0.215215        0.729463
0.216216        0.729145
0.217217        0.728828
0.218218        0.728512
0.219219        0.728197
0.22022         0.727883
0.221221        0.727571
0.222222        0.727259
0.223223        0.726949
0.224224        0.726639
0.225225        0.726331
0.226226        0.726024
0.227227        0.725718
0.228228        0.725414
0.229229        0.72511
0.23023         0.724808
0.231231        0.724507
0.232232        0.724207
0.233233        0.723909
0.234234        0.723611
0.235235        0.723316
0.236236        0.723021
0.237237        0.722727
0.238238        0.722435
0.239239        0.722145
0.24024         0.721855
0.241241        0.721567
0.242242        0.721281
0.243243        0.720995
0.244244        0.720712
0.245245        0.720429
0.246246        0.720148
0.247247        0.719869
0.248248        0.719591
0.249249        0.719314
0.25025         0.71904
0.251251        0.718766
0.252252        0.718494
0.253253        0.718224
0.254254        0.717955
0.255255        0.717688
0.256256        0.717422
0.257257        0.717159
0.258258        0.716896
0.259259        0.716636
0.26026         0.716377
0.261261        0.71612
0.262262        0.715864
0.263263        0.71561
0.264264        0.715358
0.265265        0.715108
0.266266        0.71486
0.267267        0.714613
0.268268        0.714368
0.269269        0.714125
0.27027         0.713884
0.271271        0.713645
0.272272        0.713408
0.273273        0.713172
0.274274        0.712939
0.275275        0.712708
0.276276        0.712478
0.277277        0.71225
0.278278        0.712025
0.279279        0.711801
0.28028         0.71158
0.281281        0.71136
0.282282        0.711143
0.283283        0.710928
0.284284        0.710714
0.285285        0.710503
0.286286        0.710294
0.287287        0.710088
0.288288        0.709883
0.289289        0.709681
0.29029         0.70948
0.291291        0.709282
0.292292        0.709087
0.293293        0.708893
0.294294        0.708702
0.295295        0.708513
0.296296        0.708326
0.297297        0.708141
0.298298        0.707959
0.299299        0.707779
0.3003          0.707602
0.301301        0.707427
0.302302        0.707254
0.303303        0.707083
0.304304        0.706915
0.305305        0.706749
0.306306        0.706586
0.307307        0.706425
0.308308        0.706266
0.309309        0.70611
0.31031         0.705956
0.311311        0.705805
0.312312        0.705656
0.313313        0.705509
0.314314        0.705365
0.315315        0.705223
0.316316        0.705084
0.317317        0.704947
0.318318        0.704813
0.319319        0.70468
0.32032         0.704551
0.321321        0.704423
0.322322        0.704298
0.323323        0.704176
0.324324        0.704056
0.325325        0.703938
0.326326        0.703822
0.327327        0.703709
0.328328        0.703598
0.329329        0.70349
0.33033         0.703384
0.331331        0.70328
0.332332        0.703178
0.333333        0.703079
0.334334        0.702982
0.335335        0.702887
0.336336        0.702794
0.337337        0.702704
0.338338        0.702616
0.339339        0.702529
0.34034         0.702445
0.341341        0.702363
0.342342        0.702284
0.343343        0.702206
0.344344        0.70213
0.345345        0.702056
0.346346        0.701985
0.347347        0.701915
0.348348        0.701847
0.349349        0.701781
0.35035         0.701717
0.351351        0.701654
0.352352        0.701594
0.353353        0.701535
0.354354        0.701478
0.355355        0.701423
0.356356        0.701369
0.357357        0.701317
0.358358        0.701266
0.359359        0.701218
0.36036         0.70117
0.361361        0.701125
0.362362        0.70108
0.363363        0.701038
0.364364        0.700996
0.365365        0.700956
0.366366        0.700917
0.367367        0.70088
0.368368        0.700844
0.369369        0.700809
0.37037         0.700776
0.371371        0.700743
0.372372        0.700712
0.373373        0.700682
0.374374        0.700653
0.375375        0.700625
0.376376        0.700598
0.377377        0.700572
0.378378        0.700547
0.379379        0.700523
0.38038         0.7005
0.381381        0.700478
0.382382        0.700457
0.383383        0.700436
0.384384        0.700417
0.385385        0.700398
0.386386        0.70038
0.387387        0.700362
0.388388        0.700346
0.389389        0.70033
0.39039         0.700314
0.391391        0.7003
0.392392        0.700286
0.393393        0.700272
0.394394        0.700259
0.395395        0.700247
0.396396        0.700235
0.397397        0.700224
0.398398        0.700213
0.399399        0.700203
0.4004          0.700193
0.401401        0.700183
0.402402        0.700174
0.403403        0.700166
0.404404        0.700158
0.405405        0.70015
0.406406        0.700142
0.407407        0.700135
0.408408        0.700128
0.409409        0.700122
0.41041         0.700116
0.411411        0.70011
0.412412        0.700104
0.413413        0.700099
0.414414        0.700094
0.415415        0.700089
0.416416        0.700084
0.417417        0.70008
0.418418        0.700075
0.419419        0.700071
0.42042         0.700068
0.421421        0.700064
0.422422        0.700061
0.423423        0.700057
0.424424        0.700054
0.425425        0.700051
0.426426        0.700049
0.427427        0.700046
0.428428        0.700043
0.429429        0.700041
0.43043         0.700039
0.431431        0.700037
0.432432        0.700035
0.433433        0.700033
0.434434        0.700031
0.435435        0.700029
0.436436        0.700028
0.437437        0.700026
0.438438        0.700025
0.439439        0.700023
0.44044         0.700022
0.441441        0.700021
0.442442        0.700019
0.443443        0.700018
0.444444        0.700017
0.445445        0.700016
0.446446        0.700015
0.447447        0.700014
0.448448        0.700014
0.449449        0.700013
0.45045         0.700012
0.451451        0.700011
0.452452        0.700011
0.453453        0.70001
0.454454        0.700009
0.455455        0.700009
0.456456        0.700008
0.457457        0.700008
0.458458        0.700007
0.459459        0.700007
0.46046         0.700006
0.461461        0.700006
0.462462        0.700006
0.463463        0.700005
0.464464        0.700005
0.465465        0.700005
0.466466        0.700004
0.467467        0.700004
0.468468        0.700004
0.469469        0.700004
0.47047         0.700003
0.471471        0.700003
0.472472        0.700003
0.473473        0.700003
0.474474        0.700003
0.475475        0.700002
0.476476        0.700002
0.477477        0.700002
0.478478        0.700002
0.479479        0.700002
0.48048         0.700002
0.481481        0.700002
0.482482        0.700002
0.483483        0.700001
0.484484        0.700001
0.485485        0.700001
0.486486        0.700001
0.487487        0.700001
0.488488        0.700001
0.489489        0.700001
0.49049         0.700001
0.491491        0.700001
0.492492        0.700001
0.493493        0.700001
0.494494        0.700001
0.495495        0.700001
0.496496        0.700001
0.497497        0.700001
0.498498        0.700001
0.499499        0.7
0.500501        0.7
0.501502        0.7
0.502503        0.7
0.503504        0.7
0.504505        0.7
0.505506        0.7
0.506507        0.7
0.507508        0.7
0.508509        0.7
0.50951         0.7
0.510511        0.7
0.511512        0.7
0.512513        0.7
0.513514        0.7
0.514515        0.7
0.515516        0.7
0.516517        0.7
0.517518        0.7
0.518519        0.7
0.51952         0.7
0.520521        0.7
0.521522        0.7
0.522523        0.7
0.523524        0.7
0.524525        0.7
0.525526        0.7
0.526527        0.7
0.527528        0.7
0.528529        0.7
0.52953         0.7
0.530531        0.7
0.531532        0.7
0.532533        0.7
0.533534        0.7
0.534535        0.7
0.535536        0.7
0.536537        0.7
0.537538        0.7
0.538539        0.7
0.53954         0.7
0.540541        0.7
0.541542        0.7
0.542543        0.7
0.543544        0.7
0.544545        0.7
0.545546        0.7
0.546547        0.7
0.547548        0.7
0.548549        0.7
0.54955         0.7
0.550551        0.7
0.551552        0.7
0.552553        0.7
0.553554        0.7
0.554555        0.7
0.555556        0.7
0.556557        0.7
0.557558        0.7
0.558559        0.7
0.55956         0.7
0.560561        0.7
0.561562        0.7
0.562563        0.7
0.563564        0.7
0.564565        0.7
0.565566        0.7
0.566567        0.7
0.567568        0.7
0.568569        0.7
0.56957         0.7
0.570571        0.7
0.571572        0.7
0.572573        0.7
0.573574        0.7
0.574575        0.7
0.575576        0.7
0.576577        0.7
0.577578        0.7
0.578579        0.7
0.57958         0.7
0.580581        0.7
0.581582        0.7
0.582583        0.7
0.583584        0.7
0.584585        0.7
0.585586        0.7
0.586587        0.7
0.587588        0.7
0.588589        0.7
0.58959         0.7
0.590591        0.7
0.591592        0.7
0.592593        0.7
0.593594        0.7
0.594595        0.7
0.595596        0.7
0.596597        0.7
0.597598        0.7
0.598599        0.7
0.5996          0.7
0.600601        0.7
0.601602        0.7
0.602603        0.7
0.603604        0.7
0.604605        0.7
0.605606        0.7
0.606607        0.7
0.607608        0.7
0.608609        0.7
0.60961         0.7
0.610611        0.7
0.611612        0.7
0.612613        0.7
0.613614        0.7
0.614615        0.7
0.615616        0.7
0.616617        0.7
0.617618        0.7
0.618619        0.7
0.61962         0.7
0.620621        0.7
0.621622        0.7
0.622623        0.7
0.623624        0.7
0.624625        0.7
0.625626        0.7
0.626627        0.7
0.627628        0.7
0.628629        0.7
0.62963         0.7
0.630631        0.7
0.631632        0.7
0.632633        0.7
0.633634        0.7
0.634635        0.7
0.635636        0.7
0.636637        0.7
0.637638        0.7
0.638639        0.7
0.63964         0.7
0.640641        0.7
0.641642        0.7
0.642643        0.7
0.643644        0.7
0.644645        0.7
0.645646        0.7
0.646647        0.7
0.647648        0.7
0.648649        0.7
0.64965         0.7
0.650651        0.7
0.651652        0.7
0.652653        0.7
0.653654        0.7
0.654655        0.7
0.655656        0.7
0.656657        0.7
0.657658        0.7
0.658659        0.7
0.65966         0.7
0.660661        0.7
0.661662        0.7
0.662663        0.7
0.663664        0.7
0.664665        0.7
0.665666        0.7
0.666667        0.7
0.667668        0.7
0.668669        0.7
0.66967         0.7
0.670671        0.7
0.671672        0.7
0.672673        0.7
0.673674        0.7
0.674675        0.7
0.675676        0.7
0.676677        0.7
0.677678        0.7
0.678679        0.7
0.67968         0.7
0.680681        0.7
0.681682        0.7
0.682683        0.7
0.683684        0.7
0.684685        0.7
0.685686        0.7
0.686687        0.7
0.687688        0.7
0.688689        0.7
0.68969         0.7
0.690691        0.7
0.691692        0.7
0.692693        0.7
0.693694        0.7
0.694695        0.7
0.695696        0.7
0.696697        0.7
0.697698        0.7
0.698699        0.7
0.6997          0.7
0.700701        0.7
0.701702        0.7
0.702703        0.7
0.703704        0.7
0.704705        0.7
0.705706        0.7
0.706707        0.7
0.707708        0.7
0.708709        0.7
0.70971         0.7
0.710711        0.7
0.711712        0.7
0.712713        0.7
0.713714        0.7
0.714715        0.7
0.715716        0.7
0.716717        0.7
0.717718        0.7
0.718719        0.7
0.71972         0.7
0.720721        0.7
0.721722        0.7
0.722723        0.7
0.723724        0.7
0.724725        0.7
0.725726        0.7
0.726727        0.7
0.727728        0.7
0.728729        0.7
0.72973         0.7
0.730731        0.7
0.731732        0.7
0.732733        0.7
0.733734        0.7
0.734735        0.7
0.735736        0.7
0.736737        0.7
0.737738        0.7
0.738739        0.7
0.73974         0.7
0.740741        0.7
0.741742        0.7
0.742743        0.7
0.743744        0.7
0.744745        0.7
0.745746        0.7
0.746747        0.7
0.747748        0.7
0.748749        0.7
0.74975         0.7
0.750751        0.7
0.751752        0.7
0.752753        0.7
0.753754        0.7
0.754755        0.7
0.755756        0.7
0.756757        0.7
0.757758        0.7
0.758759        0.7
0.75976         0.7
0.760761        0.7
0.761762        0.7
0.762763        0.7
0.763764        0.7
0.764765        0.7
0.765766        0.7
0.766767        0.7
0.767768        0.7
0.768769        0.7
0.76977         0.7
0.770771        0.7
0.771772        0.7
0.772773        0.7
0.773774        0.7
0.774775        0.7
0.775776        0.7
0.776777        0.7
0.777778        0.7
0.778779        0.7
0.77978         0.7
0.780781        0.700001
0.781782        0.700001
0.782783        0.700001
0.783784        0.700001
0.784785        0.700001
0.785786        0.700001
0.786787        0.700001
0.787788        0.700001
0.788789        0.700001
0.78979         0.700001
0.790791        0.700001
0.791792        0.700001
0.792793        0.700001
0.793794        0.700001
0.794795        0.700001
0.795796        0.700001
0.796797        0.700002
0.797798        0.700002
0.798799        0.700002
0.7998          0.700002
0.800801        0.700002
0.801802        0.700002
0.802803        0.700002
0.803804        0.700002
0.804805        0.700003
0.805806        0.700003
0.806807        0.700003
0.807808        0.700003
0.808809        0.700003
0.80981         0.700004
0.810811        0.700004
0.811812        0.700004
0.812813        0.700004
0.813814        0.700005
0.814815        0.700005
0.815816        0.700005
0.816817        0.700006
0.817818        0.700006
0.818819        0.700006
0.81982         0.700007
0.820821        0.700007
0.821822        0.700008
0.822823        0.700008
0.823824        0.700009
0.824825        0.700009
0.825826        0.70001
0.826827        0.70001
0.827828        0.700011
0.828829        0.700012
0.82983         0.700013
0.830831        0.700013
0.831832        0.700014
0.832833        0.700015
0.833834        0.700016
0.834835        0.700017
0.835836        0.700018
0.836837        0.700019
0.837838        0.70002
0.838839        0.700021
0.83984         0.700023
0.840841        0.700024
0.841842        0.700026
0.842843        0.700027
0.843844        0.700029
0.844845        0.70003
0.845846        0.700032
0.846847        0.700034
0.847848        0.700036
0.848849        0.700038
0.84985         0.700041
0.850851        0.700043
0.851852        0.700045
0.852853        0.700048
0.853854        0.700051
0.854855        0.700054
0.855856        0.700057
0.856857        0.70006
0.857858        0.700064
0.858859        0.700067
0.85986         0.700071
0.860861        0.700075
0.861862        0.700079
0.862863        0.700084
0.863864        0.700088
0.864865        0.700093
0.865866        0.700099
0.866867        0.700104
0.867868        0.70011
0.868869        0.700116
0.86987         0.700122
0.870871        0.700129
0.871872        0.700136
0.872873        0.700143
0.873874        0.700151
0.874875        0.700159
0.875876        0.700168
0.876877        0.700177
0.877878        0.700186
0.878879        0.700196
0.87988         0.700207
0.880881        0.700218
0.881882        0.700229
0.882883        0.700241
0.883884        0.700254
0.884885        0.700267
0.885886        0.700281
0.886887        0.700296
0.887888        0.700311
0.888889        0.700327
0.88989         0.700344
0.890891        0.700362
0.891892        0.700381
0.892893        0.7004
0.893894        0.700421
0.894895        0.700442
0.895896        0.700465
0.896897        0.700489
0.897898        0.700513
0.898899        0.700539
0.8999          0.700567
0.900901        0.700595
0.901902        0.700625
0.902903        0.700657
0.903904        0.70069
0.904905        0.700725
0.905906        0.700761
0.906907        0.7008
0.907908        0.700842
0.908909        0.700889
0.90991         0.700947
0.910911        0.701032
0.911912        0.701181
0.912913        0.701497
0.913914        0.702244
0.914915        0.7041
0.915916        0.708702
0.916917        0.719535
0.917918        0.741919
0.918919        0.777999
0.91992         0.817498
0.920921        0.842242
0.921922        0.846505
0.922923        0.840646
0.923924        0.835581
0.924925        0.83431
0.925926        0.835019
0.926927        0.83566
0.927928        0.835584
0.928929        0.835081
0.92993         0.834555
0.930931        0.834159
0.931932        0.833851
0.932933        0.833552
0.933934        0.833229
0.934935        0.832887
0.935936        0.832539
0.936937        0.832194
0.937938        0.831851
0.938939        0.831509
0.93994         0.831164
0.940941        0.830818
0.941942        0.830471
0.942943        0.830122
0.943944        0.829773
0.944945        0.829422
0.945946        0.829071
0.946947        0.828719
0.947948        0.828365
0.948949        0.828011
0.94995         0.827656
0.950951        0.8273
0.951952        0.826943
0.952953        0.826586
0.953954        0.826227
0.954955        0.825868
0.955956        0.825508
0.956957        0.825147
0.957958        0.824786
0.958959        0.824424
0.95996         0.824061
0.960961        0.823697
0.961962        0.823333
0.962963        0.822968
0.963964        0.822603
0.964965        0.822237
0.965966        0.82187
0.966967        0.821503
0.967968        0.821135
0.968969        0.820766
0.96997         0.820397
0.970971        0.820028
0.971972        0.819658
0.972973        0.819287
0.973974        0.818916
0.974975        0.818544
0.975976        0.818172
0.976977        0.817799
0.977978        0.817426
0.978979        0.817053
0.97998         0.816679
0.980981        0.816304
0.981982        0.81593
0.982983        0.815554
0.983984        0.815179
0.984985        0.814803
0.985986        0.814426
0.986987        0.81405
0.987988        0.813672
0.988989        0.813295
0.98999         0.812917
0.990991        0.812539
0.991992        0.81216
0.992993        0.811781
0.993994        0.811402
0.994995        0.811023
0.995996        0.810643
0.996997        0.810263
0.997998        0.809882
0.998999        0.809502
1               0.809121
