#====================================================
#   t = 1.8     rho_bar = 0.7     Viscosity = 0.1
#====================================================
#x              rho
#====================================================
0               0.701104
0.001001        0.701064
0.002002        0.701025
0.003003        0.700987
0.004004        0.70095
0.00500501      0.700914
0.00600601      0.700879
0.00700701      0.700845
0.00800801      0.700813
0.00900901      0.700781
0.01001         0.70075
0.011011        0.700721
0.012012        0.700692
0.013013        0.700664
0.014014        0.700637
0.015015        0.700611
0.016016        0.700586
0.017017        0.700562
0.018018        0.700539
0.019019        0.700516
0.02002         0.700494
0.021021        0.700473
0.022022        0.700453
0.023023        0.700433
0.024024        0.700415
0.025025        0.700397
0.026026        0.700379
0.027027        0.700362
0.028028        0.700346
0.029029        0.700331
0.03003         0.700316
0.031031        0.700302
0.032032        0.700288
0.033033        0.700275
0.034034        0.700262
0.035035        0.70025
0.036036        0.700238
0.037037        0.700227
0.038038        0.700216
0.039039        0.700206
0.04004         0.700196
0.041041        0.700187
0.042042        0.700178
0.043043        0.700169
0.044044        0.700161
0.045045        0.700153
0.046046        0.700146
0.047047        0.700138
0.048048        0.700131
0.049049        0.700125
0.0500501       0.700119
0.0510511       0.700113
0.0520521       0.700107
0.0530531       0.700102
0.0540541       0.700096
0.0550551       0.700091
0.0560561       0.700087
0.0570571       0.700082
0.0580581       0.700078
0.0590591       0.700074
0.0600601       0.70007
0.0610611       0.700066
0.0620621       0.700063
0.0630631       0.70006
0.0640641       0.700056
0.0650651       0.700053
0.0660661       0.70005
0.0670671       0.700048
0.0680681       0.700045
0.0690691       0.700043
0.0700701       0.70004
0.0710711       0.700038
0.0720721       0.700036
0.0730731       0.700034
0.0740741       0.700032
0.0750751       0.70003
0.0760761       0.700029
0.0770771       0.700027
0.0780781       0.700026
0.0790791       0.700024
0.0800801       0.700023
0.0810811       0.700021
0.0820821       0.70002
0.0830831       0.700019
0.0840841       0.700018
0.0850851       0.700017
0.0860861       0.700016
0.0870871       0.700015
0.0880881       0.700014
0.0890891       0.700013
0.0900901       0.700013
0.0910911       0.700012
0.0920921       0.700011
0.0930931       0.70001
0.0940941       0.70001
0.0950951       0.700009
0.0960961       0.700009
0.0970971       0.700008
0.0980981       0.700008
0.0990991       0.700007
0.1001          0.700007
0.101101        0.700006
0.102102        0.700006
0.103103        0.700006
0.104104        0.700005
0.105105        0.700005
0.106106        0.700005
0.107107        0.700004
0.108108        0.700004
0.109109        0.700004
0.11011         0.700004
0.111111        0.700003
0.112112        0.700003
0.113113        0.700003
0.114114        0.700003
0.115115        0.700003
0.116116        0.700002
0.117117        0.700002
0.118118        0.700002
0.119119        0.700002
0.12012         0.700002
0.121121        0.700002
0.122122        0.700002
0.123123        0.700002
0.124124        0.700001
0.125125        0.700001
0.126126        0.700001
0.127127        0.700001
0.128128        0.700001
0.129129        0.700001
0.13013         0.700001
0.131131        0.700001
0.132132        0.700001
0.133133        0.700001
0.134134        0.700001
0.135135        0.700001
0.136136        0.700001
0.137137        0.700001
0.138138        0.700001
0.139139        0.700001
0.14014         0.7
0.141141        0.7
0.142142        0.7
0.143143        0.7
0.144144        0.7
0.145145        0.7
0.146146        0.7
0.147147        0.7
0.148148        0.7
0.149149        0.7
0.15015         0.7
0.151151        0.7
0.152152        0.7
0.153153        0.7
0.154154        0.7
0.155155        0.7
0.156156        0.7
0.157157        0.7
0.158158        0.7
0.159159        0.7
0.16016         0.7
0.161161        0.7
0.162162        0.7
0.163163        0.7
0.164164        0.7
0.165165        0.7
0.166166        0.7
0.167167        0.7
0.168168        0.7
0.169169        0.7
0.17017         0.7
0.171171        0.7
0.172172        0.7
0.173173        0.7
0.174174        0.7
0.175175        0.7
0.176176        0.7
0.177177        0.7
0.178178        0.7
0.179179        0.7
0.18018         0.7
0.181181        0.7
0.182182        0.7
0.183183        0.7
0.184184        0.7
0.185185        0.7
0.186186        0.7
0.187187        0.7
0.188188        0.7
0.189189        0.7
0.19019         0.7
0.191191        0.7
0.192192        0.7
0.193193        0.7
0.194194        0.7
0.195195        0.7
0.196196        0.7
0.197197        0.7
0.198198        0.7
0.199199        0.7
0.2002          0.7
0.201201        0.7
0.202202        0.7
0.203203        0.7
0.204204        0.7
0.205205        0.7
0.206206        0.7
0.207207        0.7
0.208208        0.7
0.209209        0.7
0.21021         0.7
0.211211        0.7
0.212212        0.7
0.213213        0.7
0.214214        0.7
0.215215        0.7
0.216216        0.7
0.217217        0.7
0.218218        0.7
0.219219        0.7
0.22022         0.7
0.221221        0.7
0.222222        0.7
0.223223        0.7
0.224224        0.7
0.225225        0.7
0.226226        0.7
0.227227        0.7
0.228228        0.7
0.229229        0.7
0.23023         0.7
0.231231        0.7
0.232232        0.7
0.233233        0.7
0.234234        0.7
0.235235        0.7
0.236236        0.7
0.237237        0.7
0.238238        0.7
0.239239        0.7
0.24024         0.7
0.241241        0.7
0.242242        0.7
0.243243        0.7
0.244244        0.7
0.245245        0.7
0.246246        0.7
0.247247        0.7
0.248248        0.7
0.249249        0.7
0.25025         0.7
0.251251        0.7
0.252252        0.7
0.253253        0.7
0.254254        0.7
0.255255        0.7
0.256256        0.7
0.257257        0.7
0.258258        0.7
0.259259        0.7
0.26026         0.7
0.261261        0.7
0.262262        0.7
0.263263        0.7
0.264264        0.7
0.265265        0.7
0.266266        0.7
0.267267        0.7
0.268268        0.7
0.269269        0.7
0.27027         0.7
0.271271        0.7
0.272272        0.7
0.273273        0.7
0.274274        0.7
0.275275        0.7
0.276276        0.7
0.277277        0.7
0.278278        0.7
0.279279        0.7
0.28028         0.7
0.281281        0.7
0.282282        0.7
0.283283        0.7
0.284284        0.7
0.285285        0.7
0.286286        0.7
0.287287        0.7
0.288288        0.7
0.289289        0.7
0.29029         0.7
0.291291        0.7
0.292292        0.7
0.293293        0.7
0.294294        0.7
0.295295        0.7
0.296296        0.7
0.297297        0.7
0.298298        0.7
0.299299        0.7
0.3003          0.7
0.301301        0.7
0.302302        0.7
0.303303        0.7
0.304304        0.7
0.305305        0.7
0.306306        0.7
0.307307        0.7
0.308308        0.7
0.309309        0.7
0.31031         0.7
0.311311        0.7
0.312312        0.7
0.313313        0.7
0.314314        0.7
0.315315        0.7
0.316316        0.7
0.317317        0.7
0.318318        0.7
0.319319        0.7
0.32032         0.7
0.321321        0.7
0.322322        0.7
0.323323        0.7
0.324324        0.7
0.325325        0.7
0.326326        0.7
0.327327        0.7
0.328328        0.7
0.329329        0.7
0.33033         0.7
0.331331        0.7
0.332332        0.7
0.333333        0.7
0.334334        0.7
0.335335        0.7
0.336336        0.7
0.337337        0.7
0.338338        0.7
0.339339        0.7
0.34034         0.7
0.341341        0.7
0.342342        0.7
0.343343        0.7
0.344344        0.7
0.345345        0.7
0.346346        0.7
0.347347        0.7
0.348348        0.7
0.349349        0.7
0.35035         0.7
0.351351        0.7
0.352352        0.7
0.353353        0.7
0.354354        0.7
0.355355        0.7
0.356356        0.7
0.357357        0.7
0.358358        0.7
0.359359        0.7
0.36036         0.7
0.361361        0.7
0.362362        0.7
0.363363        0.7
0.364364        0.7
0.365365        0.7
0.366366        0.7
0.367367        0.7
0.368368        0.7
0.369369        0.7
0.37037         0.7
0.371371        0.7
0.372372        0.7
0.373373        0.7
0.374374        0.7
0.375375        0.7
0.376376        0.7
0.377377        0.7
0.378378        0.7
0.379379        0.7
0.38038         0.7
0.381381        0.7
0.382382        0.7
0.383383        0.7
0.384384        0.7
0.385385        0.7
0.386386        0.7
0.387387        0.7
0.388388        0.7
0.389389        0.7
0.39039         0.7
0.391391        0.7
0.392392        0.7
0.393393        0.7
0.394394        0.7
0.395395        0.7
0.396396        0.7
0.397397        0.7
0.398398        0.7
0.399399        0.7
0.4004          0.7
0.401401        0.7
0.402402        0.7
0.403403        0.7
0.404404        0.7
0.405405        0.7
0.406406        0.7
0.407407        0.7
0.408408        0.7
0.409409        0.7
0.41041         0.7
0.411411        0.7
0.412412        0.7
0.413413        0.7
0.414414        0.7
0.415415        0.7
0.416416        0.7
0.417417        0.7
0.418418        0.7
0.419419        0.7
0.42042         0.700001
0.421421        0.700001
0.422422        0.700001
0.423423        0.700001
0.424424        0.700001
0.425425        0.700001
0.426426        0.700001
0.427427        0.700001
0.428428        0.700001
0.429429        0.700001
0.43043         0.700001
0.431431        0.700001
0.432432        0.700001
0.433433        0.700001
0.434434        0.700001
0.435435        0.700002
0.436436        0.700002
0.437437        0.700003
0.438438        0.700004
0.439439        0.700009
0.44044         0.700021
0.441441        0.700051
0.442442        0.700133
0.443443        0.700347
0.444444        0.700912
0.445445        0.702385
0.446446        0.706142
0.447447        0.715214
0.448448        0.734577
0.449449        0.767024
0.45045         0.803276
0.451451        0.823642
0.452452        0.820712
0.453453        0.807691
0.454454        0.799631
0.455455        0.800194
0.456456        0.804879
0.457457        0.808251
0.458458        0.808243
0.459459        0.806249
0.46046         0.804521
0.461461        0.804057
0.462462        0.804452
0.463463        0.804854
0.464464        0.804798
0.465465        0.804368
0.466466        0.803884
0.467467        0.803559
0.468468        0.803391
0.469469        0.803265
0.47047         0.803088
0.471471        0.802847
0.472472        0.802581
0.473473        0.802329
0.474474        0.802102
0.475475        0.801889
0.476476        0.801672
0.477477        0.801446
0.478478        0.801214
0.479479        0.800981
0.48048         0.800752
0.481481        0.800525
0.482482        0.800299
0.483483        0.800072
0.484484        0.799844
0.485485        0.799616
0.486486        0.799387
0.487487        0.799159
0.488488        0.798932
0.489489        0.798704
0.49049         0.798476
0.491491        0.798248
0.492492        0.798019
0.493493        0.797791
0.494494        0.797563
0.495495        0.797335
0.496496        0.797107
0.497497        0.796879
0.498498        0.796651
0.499499        0.796422
0.500501        0.796194
0.501502        0.795966
0.502503        0.795738
0.503504        0.79551
0.504505        0.795281
0.505506        0.795053
0.506507        0.794825
0.507508        0.794596
0.508509        0.794368
0.50951         0.79414
0.510511        0.793912
0.511512        0.793683
0.512513        0.793455
0.513514        0.793227
0.514515        0.792998
0.515516        0.79277
0.516517        0.792541
0.517518        0.792313
0.518519        0.792085
0.51952         0.791856
0.520521        0.791628
0.521522        0.7914
0.522523        0.791171
0.523524        0.790943
0.524525        0.790714
0.525526        0.790486
0.526527        0.790258
0.527528        0.790029
0.528529        0.789801
0.52953         0.789573
0.530531        0.789344
0.531532        0.789116
0.532533        0.788887
0.533534        0.788659
0.534535        0.788431
0.535536        0.788202
0.536537        0.787974
0.537538        0.787746
0.538539        0.787517
0.53954         0.787289
0.540541        0.78706
0.541542        0.786832
0.542543        0.786604
0.543544        0.786376
0.544545        0.786147
0.545546        0.785919
0.546547        0.785691
0.547548        0.785462
0.548549        0.785234
0.54955         0.785006
0.550551        0.784778
0.551552        0.784549
0.552553        0.784321
0.553554        0.784093
0.554555        0.783865
0.555556        0.783637
0.556557        0.783408
0.557558        0.78318
0.558559        0.782952
0.55956         0.782724
0.560561        0.782496
0.561562        0.782268
0.562563        0.78204
0.563564        0.781812
0.564565        0.781584
0.565566        0.781356
0.566567        0.781128
0.567568        0.7809
0.568569        0.780672
0.56957         0.780444
0.570571        0.780216
0.571572        0.779988
0.572573        0.77976
0.573574        0.779533
0.574575        0.779305
0.575576        0.779077
0.576577        0.778849
0.577578        0.778622
0.578579        0.778394
0.57958         0.778166
0.580581        0.777938
0.581582        0.777711
0.582583        0.777483
0.583584        0.777256
0.584585        0.777028
0.585586        0.776801
0.586587        0.776573
0.587588        0.776346
0.588589        0.776118
0.58959         0.775891
0.590591        0.775664
0.591592        0.775436
0.592593        0.775209
0.593594        0.774982
0.594595        0.774755
0.595596        0.774527
0.596597        0.7743
0.597598        0.774073
0.598599        0.773846
0.5996          0.773619
0.600601        0.773392
0.601602        0.773165
0.602603        0.772938
0.603604        0.772711
0.604605        0.772485
0.605606        0.772258
0.606607        0.772031
0.607608        0.771804
0.608609        0.771578
0.60961         0.771351
0.610611        0.771124
0.611612        0.770898
0.612613        0.770671
0.613614        0.770445
0.614615        0.770219
0.615616        0.769992
0.616617        0.769766
0.617618        0.76954
0.618619        0.769313
0.61962         0.769087
0.620621        0.768861
0.621622        0.768635
0.622623        0.768409
0.623624        0.768183
0.624625        0.767957
0.625626        0.767731
0.626627        0.767505
0.627628        0.76728
0.628629        0.767054
0.62963         0.766828
0.630631        0.766603
0.631632        0.766377
0.632633        0.766152
0.633634        0.765926
0.634635        0.765701
0.635636        0.765476
0.636637        0.76525
0.637638        0.765025
0.638639        0.7648
0.63964         0.764575
0.640641        0.76435
0.641642        0.764125
0.642643        0.7639
0.643644        0.763675
0.644645        0.76345
0.645646        0.763226
0.646647        0.763001
0.647648        0.762777
0.648649        0.762552
0.64965         0.762328
0.650651        0.762103
0.651652        0.761879
0.652653        0.761655
0.653654        0.76143
0.654655        0.761206
0.655656        0.760982
0.656657        0.760758
0.657658        0.760534
0.658659        0.760311
0.65966         0.760087
0.660661        0.759863
0.661662        0.75964
0.662663        0.759416
0.663664        0.759193
0.664665        0.758969
0.665666        0.758746
0.666667        0.758523
0.667668        0.7583
0.668669        0.758077
0.66967         0.757854
0.670671        0.757631
0.671672        0.757408
0.672673        0.757185
0.673674        0.756963
0.674675        0.75674
0.675676        0.756518
0.676677        0.756295
0.677678        0.756073
0.678679        0.755851
0.67968         0.755628
0.680681        0.755406
0.681682        0.755185
0.682683        0.754963
0.683684        0.754741
0.684685        0.754519
0.685686        0.754298
0.686687        0.754076
0.687688        0.753855
0.688689        0.753633
0.68969         0.753412
0.690691        0.753191
0.691692        0.75297
0.692693        0.752749
0.693694        0.752528
0.694695        0.752308
0.695696        0.752087
0.696697        0.751867
0.697698        0.751646
0.698699        0.751426
0.6997          0.751206
0.700701        0.750986
0.701702        0.750766
0.702703        0.750546
0.703704        0.750326
0.704705        0.750106
0.705706        0.749887
0.706707        0.749667
0.707708        0.749448
0.708709        0.749229
0.70971         0.74901
0.710711        0.748791
0.711712        0.748572
0.712713        0.748353
0.713714        0.748134
0.714715        0.747916
0.715716        0.747698
0.716717        0.747479
0.717718        0.747261
0.718719        0.747043
0.71972         0.746825
0.720721        0.746608
0.721722        0.74639
0.722723        0.746172
0.723724        0.745955
0.724725        0.745738
0.725726        0.745521
0.726727        0.745304
0.727728        0.745087
0.728729        0.74487
0.72973         0.744653
0.730731        0.744437
0.731732        0.744221
0.732733        0.744005
0.733734        0.743789
0.734735        0.743573
0.735736        0.743357
0.736737        0.743141
0.737738        0.742926
0.738739        0.742711
0.73974         0.742495
0.740741        0.74228
0.741742        0.742066
0.742743        0.741851
0.743744        0.741636
0.744745        0.741422
0.745746        0.741208
0.746747        0.740994
0.747748        0.74078
0.748749        0.740566
0.74975         0.740352
0.750751        0.740139
0.751752        0.739926
0.752753        0.739713
0.753754        0.7395
0.754755        0.739287
0.755756        0.739074
0.756757        0.738862
0.757758        0.73865
0.758759        0.738438
0.75976         0.738226
0.760761        0.738014
0.761762        0.737802
0.762763        0.737591
0.763764        0.73738
0.764765        0.737169
0.765766        0.736958
0.766767        0.736748
0.767768        0.736537
0.768769        0.736327
0.76977         0.736117
0.770771        0.735907
0.771772        0.735697
0.772773        0.735488
0.773774        0.735279
0.774775        0.73507
0.775776        0.734861
0.776777        0.734652
0.777778        0.734444
0.778779        0.734236
0.77978         0.734028
0.780781        0.73382
0.781782        0.733612
0.782783        0.733405
0.783784        0.733198
0.784785        0.732991
0.785786        0.732784
0.786787        0.732578
0.787788        0.732372
0.788789        0.732166
0.78979         0.73196
0.790791        0.731754
0.791792        0.731549
0.792793        0.731344
0.793794        0.731139
0.794795        0.730935
0.795796        0.730731
0.796797        0.730526
0.797798        0.730323
0.798799        0.730119
0.7998          0.729916
0.800801        0.729713
0.801802        0.72951
0.802803        0.729308
0.803804        0.729105
0.804805        0.728903
0.805806        0.728702
0.806807        0.7285
0.807808        0.728299
0.808809        0.728098
0.80981         0.727898
0.810811        0.727697
0.811812        0.727497
0.812813        0.727298
0.813814        0.727098
0.814815        0.726899
0.815816        0.7267
0.816817        0.726502
0.817818        0.726303
0.818819        0.726106
0.81982         0.725908
0.820821        0.725711
0.821822        0.725514
0.822823        0.725317
0.823824        0.725121
0.824825        0.724925
0.825826        0.724729
0.826827        0.724534
0.827828        0.724339
0.828829        0.724144
0.82983         0.72395
0.830831        0.723756
0.831832        0.723562
0.832833        0.723369
0.833834        0.723176
0.834835        0.722984
0.835836        0.722792
0.836837        0.7226
0.837838        0.722408
0.838839        0.722217
0.83984         0.722027
0.840841        0.721837
0.841842        0.721647
0.842843        0.721457
0.843844        0.721268
0.844845        0.72108
0.845846        0.720891
0.846847        0.720703
0.847848        0.720516
0.848849        0.720329
0.84985         0.720143
0.850851        0.719956
0.851852        0.719771
0.852853        0.719585
0.853854        0.719401
0.854855        0.719216
0.855856        0.719032
0.856857        0.718849
0.857858        0.718666
0.858859        0.718484
0.85986         0.718302
0.860861        0.71812
0.861862        0.717939
0.862863        0.717758
0.863864        0.717578
0.864865        0.717399
0.865866        0.71722
0.866867        0.717041
0.867868        0.716863
0.868869        0.716686
0.86987         0.716509
0.870871        0.716332
0.871872        0.716157
0.872873        0.715981
0.873874        0.715807
0.874875        0.715632
0.875876        0.715459
0.876877        0.715286
0.877878        0.715113
0.878879        0.714942
0.87988         0.71477
0.880881        0.7146
0.881882        0.71443
0.882883        0.71426
0.883884        0.714091
0.884885        0.713923
0.885886        0.713756
0.886887        0.713589
0.887888        0.713423
0.888889        0.713257
0.88989         0.713092
0.890891        0.712928
0.891892        0.712765
0.892893        0.712602
0.893894        0.71244
0.894895        0.712278
0.895896        0.712118
0.896897        0.711958
0.897898        0.711798
0.898899        0.71164
0.8999          0.711482
0.900901        0.711325
0.901902        0.711169
0.902903        0.711014
0.903904        0.710859
0.904905        0.710705
0.905906        0.710552
0.906907        0.7104
0.907908        0.710249
0.908909        0.710098
0.90991         0.709949
0.910911        0.7098
0.911912        0.709652
0.912913        0.709505
0.913914        0.709359
0.914915        0.709213
0.915916        0.709069
0.916917        0.708925
0.917918        0.708783
0.918919        0.708641
0.91992         0.708501
0.920921        0.708361
0.921922        0.708222
0.922923        0.708084
0.923924        0.707948
0.924925        0.707812
0.925926        0.707677
0.926927        0.707543
0.927928        0.707411
0.928929        0.707279
0.92993         0.707148
0.930931        0.707019
0.931932        0.70689
0.932933        0.706763
0.933934        0.706637
0.934935        0.706511
0.935936        0.706387
0.936937        0.706264
0.937938        0.706143
0.938939        0.706022
0.93994         0.705902
0.940941        0.705784
0.941942        0.705667
0.942943        0.705551
0.943944        0.705436
0.944945        0.705323
0.945946        0.70521
0.946947        0.705099
0.947948        0.704989
0.948949        0.704881
0.94995         0.704773
0.950951        0.704667
0.951952        0.704562
0.952953        0.704459
0.953954        0.704356
0.954955        0.704255
0.955956        0.704156
0.956957        0.704057
0.957958        0.70396
0.958959        0.703865
0.95996         0.70377
0.960961        0.703677
0.961962        0.703585
0.962963        0.703495
0.963964        0.703406
0.964965        0.703318
0.965966        0.703232
0.966967        0.703147
0.967968        0.703064
0.968969        0.702982
0.96997         0.702901
0.970971        0.702821
0.971972        0.702743
0.972973        0.702667
0.973974        0.702591
0.974975        0.702518
0.975976        0.702445
0.976977        0.702374
0.977978        0.702304
0.978979        0.702236
0.97998         0.702169
0.980981        0.702103
0.981982        0.702039
0.982983        0.701976
0.983984        0.701914
0.984985        0.701854
0.985986        0.701795
0.986987        0.701737
0.987988        0.701681
0.988989        0.701626
0.98999         0.701572
0.990991        0.70152
0.991992        0.701469
0.992993        0.701419
0.993994        0.70137
0.994995        0.701323
0.995996        0.701277
0.996997        0.701232
0.997998        0.701188
0.998999        0.701145
1               0.701104
