#====================================================
#       t = 5
#====================================================
#x              rho
#====================================================
0               0.6
0.010101        0.6
0.020202        0.6
0.030303        0.6
0.040404        0.6
0.0505051       0.6
0.0606061       0.6
0.0707071       0.6
0.0808081       0.6
0.0909091       0.6
0.10101         0.6
0.111111        0.6
0.121212        0.6
0.131313        0.6
0.141414        0.6
0.151515        0.6
0.161616        0.6
0.171717        0.6
0.181818        0.6
0.191919        0.6
0.20202         0.6
0.212121        0.600001
0.222222        0.600001
0.232323        0.600001
0.242424        0.600002
0.252525        0.600003
0.262626        0.600004
0.272727        0.600006
0.282828        0.600009
0.292929        0.600012
0.30303         0.600017
0.313131        0.600023
0.323232        0.60003
0.333333        0.60004
0.343434        0.600053
0.353535        0.600068
0.363636        0.600086
0.373737        0.600109
0.383838        0.600135
0.393939        0.600164
0.40404         0.600198
0.414141        0.600234
0.424242        0.600273
0.434343        0.600314
0.444444        0.600354
0.454545        0.600393
0.464646        0.600428
0.474747        0.600458
0.484848        0.60048
0.494949        0.600494
0.505051        0.600499
0.515152        0.600493
0.525253        0.600477
0.535354        0.600452
0.545455        0.60042
0.555556        0.600381
0.565657        0.600338
0.575758        0.600294
0.585859        0.600249
0.59596         0.600205
0.606061        0.600165
0.616162        0.600128
0.626263        0.600097
0.636364        0.60007
0.646465        0.600048
0.656566        0.600032
0.666667        0.600019
0.676768        0.600011
0.686869        0.600005
0.69697         0.600002
0.707071        0.6
0.717172        0.599999
0.727273        0.599999
0.737374        0.599999
0.747475        0.6
0.757576        0.6
0.767677        0.6
0.777778        0.6
0.787879        0.6
0.79798         0.6
0.808081        0.6
0.818182        0.6
0.828283        0.6
0.838384        0.6
0.848485        0.6
0.858586        0.6
0.868687        0.6
0.878788        0.6
0.888889        0.6
0.89899         0.6
0.909091        0.6
0.919192        0.6
0.929293        0.6
0.939394        0.6
0.949495        0.6
0.959596        0.6
0.969697        0.6
0.979798        0.6
0.989899        0.6
1               0.6
